Simulated Annealing
---------------------------------
SA: initial_temp, cooling_rate, num_iterations, avg, best, train_time
1.0E9,0.8,100,45.666666666666664,52.0,0
1.0E9,0.8,200,66.88888888888889,54.0,1
1.0E9,0.8,400,88.96296296296298,68.0,2
1.0E9,0.8,1000,101.65432098765433,75.0,1
1.0E9,0.8,2500,109.55144032921811,77.0,4
1.0E9,0.8,5000,112.18381344307271,77.0,6
1.0E9,0.8,10000,114.72793781435757,78.0,7
1.0E9,0.8,20000,116.57597927145252,79.0,18
1.0E9,0.9,100,39.0,42.0,0
1.0E9,0.9,200,51.333333333333336,45.0,0
1.0E9,0.9,400,73.44444444444444,58.0,1
1.0E9,0.9,1000,93.81481481481482,70.0,1
1.0E9,0.9,2500,105.60493827160495,76.0,2
1.0E9,0.9,5000,112.201646090535,79.0,2
1.0E9,0.9,10000,114.73388203017834,79.0,6
1.0E9,0.9,20000,116.57796067672611,79.0,16
1.0E9,0.95,100,41.333333333333336,46.0,0
1.0E9,0.95,200,54.77777777777778,46.0,1
1.0E9,0.95,400,62.925925925925924,49.0,0
1.0E9,0.95,1000,87.64197530864197,70.0,0
1.0E9,0.95,2500,101.88065843621399,73.0,2
1.0E9,0.95,5000,109.960219478738,78.0,4
1.0E9,0.95,10000,113.32007315957934,78.0,4
1.0E9,0.95,20000,115.10669105319312,78.0,11
1.0E9,0.99,100,38.333333333333336,42.0,0
1.0E9,0.99,200,50.111111111111114,42.0,0
1.0E9,0.99,400,58.03703703703704,48.0,0
1.0E9,0.99,1000,59.34567901234568,48.0,0
1.0E9,0.99,2500,58.781893004115226,48.0,1
1.0E9,0.99,5000,92.9272976680384,76.0,2
1.0E9,0.99,10000,107.97576588934614,77.0,5
1.0E9,0.99,20000,113.65858862978205,78.0,9
1.0E10,0.8,100,37.666666666666664,40.0,0
1.0E10,0.8,200,66.88888888888889,61.0,0
1.0E10,0.8,400,85.29629629629629,67.0,0
1.0E10,0.8,1000,100.76543209876543,74.0,1
1.0E10,0.8,2500,109.2551440329218,78.0,3
1.0E10,0.8,5000,112.7517146776406,78.0,6
1.0E10,0.8,10000,114.25057155921354,78.0,10
1.0E10,0.8,20000,116.41685718640451,79.0,16
1.0E10,0.9,100,37.333333333333336,42.0,0
1.0E10,0.9,200,46.44444444444445,42.0,0
1.0E10,0.9,400,74.14814814814815,60.0,0
1.0E10,0.9,1000,97.38271604938272,73.0,0
1.0E10,0.9,2500,106.46090534979425,75.0,1
1.0E10,0.9,5000,112.15363511659808,77.0,2
1.0E10,0.9,10000,113.38454503886602,77.0,5
1.0E10,0.9,20000,116.128181679622,79.0,15
1.0E10,0.95,100,44.0,46.0,0
1.0E10,0.95,200,56.0,49.0,0
1.0E10,0.95,400,55.0,49.0,0
1.0E10,0.95,1000,87.0,71.0,0
1.0E10,0.95,2500,102.33333333333333,75.0,1
1.0E10,0.95,5000,109.44444444444444,77.0,2
1.0E10,0.95,10000,112.81481481481482,79.0,7
1.0E10,0.95,20000,115.60493827160495,79.0,10
1.0E10,0.99,100,37.666666666666664,40.0,0
1.0E10,0.99,200,53.22222222222222,49.0,0
1.0E10,0.99,400,62.074074074074076,49.0,0
1.0E10,0.99,1000,59.358024691358025,49.0,1
1.0E10,0.99,2500,57.452674897119344,49.0,1
1.0E10,0.99,5000,93.48422496570645,76.0,3
1.0E10,0.99,10000,106.82807498856882,76.0,5
1.0E10,0.99,20000,113.2760249961896,78.0,8
1.0E11,0.8,100,39.333333333333336,42.0,0
1.0E11,0.8,200,69.11111111111111,56.0,0
1.0E11,0.8,400,84.37037037037037,66.0,0
1.0E11,0.8,1000,101.4567901234568,75.0,0
1.0E11,0.8,2500,107.81893004115227,75.0,2
1.0E11,0.8,5000,111.93964334705076,78.0,5
1.0E11,0.8,10000,113.9798811156836,79.0,10
1.0E11,0.8,20000,115.99329370522787,79.0,23
1.0E11,0.9,100,40.666666666666664,44.0,0
1.0E11,0.9,200,50.22222222222222,44.0,0
1.0E11,0.9,400,73.07407407407408,63.0,0
1.0E11,0.9,1000,95.69135802469135,74.0,1
1.0E11,0.9,2500,106.23045267489711,75.0,1
1.0E11,0.9,5000,110.7434842249657,76.0,2
1.0E11,0.9,10000,115.24782807498856,79.0,6
1.0E11,0.9,20000,115.74927602499618,79.0,13
1.0E11,0.95,100,39.0,42.0,0
1.0E11,0.95,200,56.666666666666664,47.0,0
1.0E11,0.95,400,57.22222222222222,47.0,0
1.0E11,0.95,1000,89.4074074074074,75.0,1
1.0E11,0.95,2500,105.1358024691358,76.0,1
1.0E11,0.95,5000,111.7119341563786,77.0,2
1.0E11,0.95,10000,114.23731138545953,78.0,5
1.0E11,0.95,20000,115.74577046181984,78.0,11
1.0E11,0.99,100,38.0,46.0,0
1.0E11,0.99,200,51.666666666666664,46.0,0
1.0E11,0.99,400,56.22222222222222,46.0,1
1.0E11,0.99,1000,62.074074074074076,47.0,0
1.0E11,0.99,2500,59.358024691358025,47.0,1
1.0E11,0.99,5000,92.45267489711934,74.0,2
1.0E11,0.99,10000,107.81755829903977,78.0,3
1.0E11,0.99,20000,113.60585276634659,79.0,8
1.0E12,0.8,100,39.333333333333336,43.0,0
1.0E12,0.8,200,65.77777777777779,57.0,0
1.0E12,0.8,400,86.25925925925925,65.0,1
1.0E12,0.8,1000,99.75308641975307,74.0,0
1.0E12,0.8,2500,106.25102880658436,75.0,1
1.0E12,0.8,5000,111.08367626886145,77.0,3
1.0E12,0.8,10000,114.69455875628715,79.0,7
1.0E12,0.8,20000,115.56485291876238,79.0,14
1.0E12,0.9,100,36.333333333333336,40.0,0
1.0E12,0.9,200,49.77777777777778,40.0,0
1.0E12,0.9,400,77.5925925925926,63.0,0
1.0E12,0.9,1000,96.53086419753087,73.0,1
1.0E12,0.9,2500,106.84362139917697,76.0,1
1.0E12,0.9,5000,112.281207133059,78.0,2
1.0E12,0.9,10000,113.427069044353,78.0,5
1.0E12,0.9,20000,115.80902301478433,79.0,14
1.0E12,0.95,100,38.0,41.0,0
1.0E12,0.95,200,51.0,41.0,1
1.0E12,0.95,400,56.666666666666664,44.0,0
1.0E12,0.95,1000,86.55555555555554,68.0,0
1.0E12,0.95,2500,102.51851851851852,75.0,1
1.0E12,0.95,5000,110.50617283950618,78.0,3
1.0E12,0.95,10000,113.16872427983539,78.0,4
1.0E12,0.95,20000,114.72290809327846,78.0,12
1.0E12,0.99,100,41.666666666666664,48.0,0
1.0E12,0.99,200,50.22222222222222,48.0,0
1.0E12,0.99,400,52.74074074074074,48.0,0
1.0E12,0.99,1000,57.24691358024691,48.0,0
1.0E12,0.99,2500,58.748971193415635,48.0,1
1.0E12,0.99,5000,94.5829903978052,76.0,2
1.0E12,0.99,10000,107.86099679926839,78.0,4
1.0E12,0.99,20000,113.62033226642279,79.0,9
1.0E13,0.8,100,38.0,40.0,0
1.0E13,0.8,200,63.666666666666664,51.0,0
1.0E13,0.8,400,85.55555555555554,65.0,0
1.0E13,0.8,1000,97.51851851851852,71.0,0
1.0E13,0.8,2500,106.17283950617285,75.0,1
1.0E13,0.8,5000,111.39094650205762,77.0,2
1.0E13,0.8,10000,115.13031550068587,79.0,10
1.0E13,0.8,20000,116.37677183356196,79.0,15
1.0E13,0.9,100,41.666666666666664,49.0,0
1.0E13,0.9,200,54.55555555555555,49.0,0
1.0E13,0.9,400,74.18518518518518,60.0,0
1.0E13,0.9,1000,94.39506172839505,71.0,1
1.0E13,0.9,2500,106.13168724279835,76.0,1
1.0E13,0.9,5000,110.04389574759945,76.0,3
1.0E13,0.9,10000,113.68129858253315,79.0,5
1.0E13,0.9,20000,115.89376619417772,79.0,14
1.0E13,0.95,100,46.333333333333336,49.0,0
1.0E13,0.95,200,51.111111111111114,49.0,0
1.0E13,0.95,400,60.370370370370374,49.0,0
1.0E13,0.95,1000,86.79012345679013,69.0,0
1.0E13,0.95,2500,103.93004115226337,77.0,1
1.0E13,0.95,5000,111.64334705075446,78.0,3
1.0E13,0.95,10000,114.88111568358482,78.0,4
1.0E13,0.95,20000,116.29370522786161,79.0,11
1.0E13,0.99,100,35.666666666666664,40.0,0
1.0E13,0.99,200,57.22222222222222,50.0,0
1.0E13,0.99,400,60.40740740740741,50.0,0
1.0E13,0.99,1000,53.802469135802475,50.0,0
1.0E13,0.99,2500,54.26748971193416,50.0,1
1.0E13,0.99,5000,93.75582990397805,77.0,2
1.0E13,0.99,10000,107.25194330132602,77.0,4
1.0E13,0.99,20000,113.08398110044202,78.0,9

Genetic Algorithm
---------------------------------
GA, crossover, mutation, num_iterations, avg, best, train_time
10,3,100,57.333333333333336,60.0,10
10,3,200,77.77777777777779,60.0,12
10,3,400,85.25925925925925,61.0,30
10,3,1000,92.08641975308642,64.0,73
10,3,2500,101.02880658436214,73.0,207
10,3,5000,101.34293552812072,73.0,266
10,3,10000,106.11431184270691,74.0,533
10,3,20000,108.03810394756897,74.0,1110
10,6,100,58.333333333333336,59.0,6
10,6,200,80.11111111111111,63.0,12
10,6,400,92.03703703703702,67.0,21
10,6,1000,94.01234567901234,67.0,52
10,6,2500,99.67078189300412,73.0,136
10,6,5000,103.55692729766804,73.0,261
10,6,10000,105.51897576588935,75.0,580
10,6,20000,108.17299192196312,76.0,1104
10,9,100,57.333333333333336,59.0,6
10,9,200,80.11111111111111,63.0,11
10,9,400,90.7037037037037,65.0,22
10,9,1000,97.23456790123457,70.0,67
10,9,2500,99.41152263374487,70.0,175
10,9,5000,105.47050754458162,74.0,272
10,9,10000,108.49016918152721,77.0,533
10,9,20000,111.49672306050907,77.0,1048
10,12,100,58.333333333333336,61.0,5
10,12,200,82.11111111111111,64.0,13
10,12,400,92.03703703703702,65.0,21
10,12,1000,97.01234567901234,71.0,53
10,12,2500,103.00411522633745,72.0,135
10,12,5000,107.66803840877914,75.0,268
10,12,10000,110.8893461362597,77.0,531
10,12,20000,110.6297820454199,77.0,1094
10,15,100,56.666666666666664,62.0,5
10,15,200,77.55555555555556,63.0,12
10,15,400,91.51851851851852,69.0,22
10,15,1000,102.17283950617285,75.0,56
10,15,2500,105.39094650205762,75.0,137
10,15,5000,107.4636488340192,75.0,266
10,15,10000,109.15454961133973,75.0,534
10,15,20000,111.71818320377992,76.0,1076
20,3,100,61.333333333333336,64.0,6
20,3,200,83.77777777777779,65.0,12
20,3,400,92.25925925925925,69.0,24
20,3,1000,97.41975308641975,70.0,57
20,3,2500,104.47325102880659,73.0,142
20,3,5000,104.8244170096022,73.0,279
20,3,10000,104.94147233653406,73.0,554
20,3,20000,107.98049077884468,74.0,1150
20,6,100,61.0,62.0,6
20,6,200,84.33333333333333,65.0,12
20,6,400,91.1111111111111,66.0,26
20,6,1000,97.7037037037037,68.0,55
20,6,2500,100.90123456790123,70.0,148
20,6,5000,101.63374485596707,71.0,293
20,6,10000,106.54458161865568,77.0,626
20,6,20000,109.18152720621856,77.0,1131
20,9,100,61.0,64.0,6
20,9,200,83.33333333333333,65.0,11
20,9,400,92.44444444444444,65.0,23
20,9,1000,98.81481481481482,69.0,58
20,9,2500,102.93827160493828,72.0,142
20,9,5000,104.97942386831276,72.0,296
20,9,10000,107.99314128943759,75.0,649
20,9,20000,109.99771376314585,75.0,1289
20,12,100,60.333333333333336,67.0,5
20,12,200,84.44444444444444,67.0,15
20,12,400,94.14814814814815,69.0,22
20,12,1000,102.38271604938272,73.0,70
20,12,2500,103.46090534979425,73.0,143
20,12,5000,107.82030178326475,74.0,285
20,12,10000,109.27343392775492,74.0,552
20,12,20000,111.09114464258498,77.0,1186
20,15,100,62.0,66.0,6
20,15,200,84.33333333333333,66.0,13
20,15,400,95.44444444444444,69.0,24
20,15,1000,101.81481481481482,72.0,56
20,15,2500,104.93827160493828,73.0,147
20,15,5000,108.64609053497942,75.0,305
20,15,10000,110.54869684499313,76.0,661
20,15,20000,112.51623228166437,76.0,1143
30,3,100,62.333333333333336,67.0,6
30,3,200,82.11111111111111,67.0,12
30,3,400,91.03703703703702,67.0,22
30,3,1000,96.679012345679,68.0,57
30,3,2500,99.22633744855966,68.0,161
30,3,5000,103.07544581618656,73.0,289
30,3,10000,105.69181527206219,74.0,579
30,3,20000,107.56393842402072,75.0,1561
30,6,100,61.0,64.0,7
30,6,200,84.0,67.0,16
30,6,400,94.33333333333333,70.0,35
30,6,1000,94.44444444444444,70.0,74
30,6,2500,100.81481481481482,70.0,201
30,6,5000,102.93827160493828,72.0,366
30,6,10000,106.64609053497942,73.0,927
30,6,20000,109.88203017832647,76.0,1477
30,9,100,60.0,61.0,7
30,9,200,82.66666666666667,65.0,15
30,9,400,94.55555555555556,71.0,31
30,9,1000,98.18518518518518,71.0,73
30,9,2500,103.06172839506172,71.0,213
30,9,5000,106.35390946502058,74.0,390
30,9,10000,109.11796982167353,74.0,833
30,9,20000,110.03932327389117,75.0,1448
30,12,100,62.666666666666664,64.0,8
30,12,200,85.22222222222221,65.0,16
30,12,400,93.4074074074074,67.0,28
30,12,1000,99.80246913580247,72.0,68
30,12,2500,103.60082304526749,72.0,171
30,12,5000,107.53360768175583,75.0,376
30,12,10000,111.51120256058528,77.0,749
30,12,20000,111.83706752019509,77.0,1608
30,15,100,62.333333333333336,63.0,10
30,15,200,86.77777777777779,68.0,20
30,15,400,96.5925925925926,71.0,29
30,15,1000,101.8641975308642,72.0,76
30,15,2500,105.2880658436214,72.0,181
30,15,5000,107.76268861454047,75.0,373
30,15,10000,108.92089620484683,75.0,732
30,15,20000,111.30696540161561,76.0,2519
40,3,100,62.0,65.0,9
40,3,200,84.66666666666667,65.0,22
40,3,400,91.55555555555556,66.0,31
40,3,1000,98.18518518518518,70.0,86
40,3,2500,100.72839506172839,70.0,197
40,3,5000,103.5761316872428,72.0,417
40,3,10000,104.85871056241427,72.0,831
40,3,20000,107.2862368541381,75.0,1588
40,6,100,60.666666666666664,63.0,7
40,6,200,83.88888888888889,65.0,15
40,6,400,96.62962962962963,69.0,29
40,6,1000,98.20987654320987,69.0,78
40,6,2500,101.73662551440329,71.0,195
40,6,5000,105.24554183813443,73.0,368
40,6,10000,106.41518061271148,73.0,766
40,6,20000,111.47172687090382,78.0,2226
40,9,100,61.0,63.0,10
40,9,200,87.0,68.0,21
40,9,400,95.33333333333333,68.0,40
40,9,1000,102.77777777777777,73.0,89
40,9,2500,104.92592592592592,73.0,225
40,9,5000,105.64197530864197,73.0,417
40,9,10000,109.54732510288066,75.0,791
40,9,20000,111.51577503429355,77.0,1519
40,12,100,62.333333333333336,64.0,8
40,12,200,84.77777777777779,65.0,14
40,12,400,94.5925925925926,68.0,35
40,12,1000,102.19753086419753,74.0,84
40,12,2500,105.39917695473251,74.0,178
40,12,5000,108.13305898491085,74.0,381
40,12,10000,111.04435299497028,77.0,757
40,12,20000,112.01478433165676,77.0,1595
40,15,100,62.666666666666664,63.0,9
40,15,200,87.88888888888887,69.0,16
40,15,400,95.62962962962962,70.0,36
40,15,1000,102.5432098765432,72.0,86
40,15,2500,104.18106995884773,72.0,205
40,15,5000,106.39368998628258,72.0,389
40,15,10000,108.7978966620942,74.0,764
40,15,20000,113.26596555403141,77.0,6104
50,3,100,65.33333333333333,67.0,11
50,3,200,87.44444444444444,69.0,22
50,3,400,95.81481481481482,69.0,41
50,3,1000,100.60493827160495,71.0,103
50,3,2500,101.86831275720165,71.0,241
50,3,5000,105.28943758573388,73.0,493
50,3,10000,105.7631458619113,73.0,1030
50,3,20000,108.58771528730377,76.0,2570
50,6,100,64.0,66.0,13
50,6,200,86.0,67.0,21
50,6,400,97.0,73.0,59
50,6,1000,100.33333333333333,73.0,122
50,6,2500,103.44444444444444,73.0,274
50,6,5000,105.48148148148148,74.0,549
50,6,10000,104.1604938271605,74.0,1035
50,6,20000,107.05349794238684,74.0,2079
50,9,100,61.666666666666664,63.0,10
50,9,200,85.55555555555554,66.0,37
50,9,400,93.85185185185185,66.0,50
50,9,1000,99.95061728395062,71.0,141
50,9,2500,104.98353909465021,73.0,395
50,9,5000,105.66117969821674,73.0,526
50,9,10000,107.55372656607226,74.0,1248
50,9,20000,109.51790885535742,75.0,2527
50,12,100,63.666666666666664,65.0,13
50,12,200,90.88888888888887,71.0,29
50,12,400,98.62962962962962,71.0,43
50,12,1000,105.87654320987654,74.0,131
50,12,2500,106.95884773662551,74.0,266
50,12,5000,109.3196159122085,75.0,516
50,12,10000,108.7732053040695,75.0,1129
50,12,20000,112.2577351013565,77.0,1911
50,15,100,63.0,66.0,10
50,15,200,87.0,67.0,22
50,15,400,98.33333333333333,71.0,40
50,15,1000,100.77777777777777,71.0,97
50,15,2500,102.92592592592592,73.0,240
50,15,5000,106.9753086419753,74.0,484
50,15,10000,109.32510288065843,76.0,968
50,15,20000,111.77503429355282,76.0,2138
60,3,100,64.0,65.0,17
60,3,200,86.66666666666667,67.0,28
60,3,400,95.8888888888889,68.0,53
60,3,1000,99.2962962962963,68.0,114
60,3,2500,103.09876543209877,72.0,286
60,3,5000,104.69958847736626,72.0,1945
60,3,10000,106.56652949245542,74.0,1182
60,3,20000,106.52217649748513,74.0,2300
60,6,100,63.333333333333336,65.0,14
60,6,200,89.44444444444446,71.0,22
60,6,400,97.48148148148148,71.0,46
60,6,1000,101.49382716049382,71.0,114
60,6,2500,103.83127572016461,71.0,283
60,6,5000,104.27709190672154,72.0,571
60,6,10000,108.42569730224051,76.0,1156
60,6,20000,110.47523243408017,76.0,2509
60,9,100,63.666666666666664,65.0,13
60,9,200,88.88888888888887,68.0,26
60,9,400,98.62962962962962,70.0,50
60,9,1000,102.5432098765432,72.0,114
60,9,2500,104.8477366255144,72.0,302
60,9,5000,108.61591220850481,75.0,593
60,9,10000,108.20530406950161,75.0,1230
60,9,20000,110.06843468983386,75.0,2362
60,12,100,64.0,66.0,13
60,12,200,88.0,67.0,25
60,12,400,99.0,71.0,47
60,12,1000,105.0,75.0,121
60,12,2500,107.66666666666667,75.0,329
60,12,5000,108.8888888888889,75.0,729
60,12,10000,108.96296296296298,75.0,1198
60,12,20000,111.320987654321,78.0,2581
60,15,100,64.0,67.0,13
60,15,200,87.33333333333333,68.0,25
60,15,400,99.77777777777777,72.0,49
60,15,1000,101.5925925925926,72.0,127
60,15,2500,105.19753086419753,74.0,326
60,15,5000,109.73251028806584,76.0,595
60,15,10000,108.57750342935527,76.0,1274
60,15,20000,112.52583447645175,78.0,2599

Genetic Algorithm
---------------------------------
GA, crossover, mutation, num_iterations, avg, best, train_time
100,3,100,66.66666666666667,70.0,22
100,6,100,66.33333333333333,67.0,40
100,9,100,62.0,63.0,20
100,12,100,63.333333333333336,66.0,29
100,15,100,67.66666666666667,71.0,16
120,3,100,65.33333333333333,66.0,16
120,6,100,67.0,68.0,32
120,9,100,66.33333333333333,67.0,29
120,12,100,67.33333333333333,69.0,19
120,15,100,63.666666666666664,65.0,18
140,3,100,65.33333333333333,67.0,21
140,6,100,67.33333333333333,70.0,21
140,9,100,67.33333333333333,68.0,19
140,12,100,67.66666666666667,68.0,29
140,15,100,64.66666666666667,67.0,35
160,3,100,66.33333333333333,69.0,18
160,6,100,65.66666666666667,68.0,20
160,9,100,67.0,69.0,21
160,12,100,65.66666666666667,69.0,20
160,15,100,67.0,67.0,23
180,3,100,65.33333333333333,67.0,18
180,6,100,68.0,70.0,25
180,9,100,67.0,68.0,19
180,12,100,66.0,66.0,26
180,15,100,65.66666666666667,69.0,34
100,3,200,68.0,71.0,42
100,6,200,67.0,70.0,33
100,9,200,70.0,72.0,32
100,12,200,67.66666666666667,69.0,35
100,15,200,70.0,71.0,30
120,3,200,68.0,69.0,34
120,6,200,68.0,69.0,31
120,9,200,68.0,69.0,42
120,12,200,69.0,71.0,32
120,15,200,69.33333333333333,70.0,39
140,3,200,68.66666666666667,71.0,35
140,6,200,67.0,68.0,37
140,9,200,71.33333333333333,74.0,34
140,12,200,69.66666666666667,74.0,35
140,15,200,70.0,72.0,35
160,3,200,67.66666666666667,70.0,40
160,6,200,70.0,73.0,41
160,9,200,67.66666666666667,69.0,36
160,12,200,70.66666666666667,72.0,37
160,15,200,67.33333333333333,71.0,41
180,3,200,69.33333333333333,70.0,49
180,6,200,69.33333333333333,71.0,52
180,9,200,69.0,70.0,46
180,12,200,69.0,70.0,42
180,15,200,67.66666666666667,71.0,46
100,3,400,70.0,72.0,54
100,6,400,68.66666666666667,70.0,62
100,9,400,70.66666666666667,71.0,56
100,12,400,72.0,75.0,62
100,15,400,69.66666666666667,72.0,60
120,3,400,69.0,73.0,78
120,6,400,69.33333333333333,70.0,64
120,9,400,68.66666666666667,70.0,64
120,12,400,68.33333333333333,71.0,63
120,15,400,69.33333333333333,71.0,70
140,3,400,69.66666666666667,72.0,73
140,6,400,71.33333333333333,73.0,70
140,9,400,69.66666666666667,72.0,66
140,12,400,69.0,73.0,72
140,15,400,70.33333333333333,71.0,67
160,3,400,68.66666666666667,70.0,74
160,6,400,70.33333333333333,73.0,79
160,9,400,72.0,73.0,83
160,12,400,71.0,73.0,78
160,15,400,70.33333333333333,71.0,74
180,3,400,71.0,72.0,80
180,6,400,71.66666666666667,72.0,78
180,9,400,71.0,73.0,80
180,12,400,70.66666666666667,72.0,81
180,15,400,69.66666666666667,71.0,83
100,3,1000,69.33333333333333,71.0,137
100,6,1000,67.66666666666667,70.0,144
100,9,1000,70.0,71.0,145
100,12,1000,69.66666666666667,71.0,147
100,15,1000,70.33333333333333,71.0,156
120,3,1000,70.33333333333333,71.0,154
120,6,1000,67.66666666666667,69.0,190
120,9,1000,68.66666666666667,70.0,176
120,12,1000,70.0,73.0,185
120,15,1000,70.33333333333333,73.0,198
140,3,1000,71.33333333333333,72.0,196
140,6,1000,68.33333333333333,69.0,201
140,9,1000,68.66666666666667,71.0,177
140,12,1000,68.0,71.0,197
140,15,1000,72.0,73.0,197
160,3,1000,71.33333333333333,72.0,186
160,6,1000,68.33333333333333,72.0,175
160,9,1000,71.0,73.0,171
160,12,1000,68.33333333333333,69.0,193
160,15,1000,71.66666666666667,73.0,174
180,3,1000,70.33333333333333,72.0,195
180,6,1000,70.66666666666667,72.0,183
180,9,1000,71.33333333333333,74.0,200
180,12,1000,71.33333333333333,73.0,209
180,15,1000,70.66666666666667,72.0,214
100,3,2500,71.0,72.0,390
100,6,2500,69.33333333333333,72.0,424
100,9,2500,70.33333333333333,71.0,455
100,12,2500,74.0,75.0,460
100,15,2500,71.33333333333333,72.0,545
120,3,2500,70.0,71.0,406
120,6,2500,70.33333333333333,72.0,464
120,9,2500,71.66666666666667,74.0,378
120,12,2500,72.0,75.0,402
120,15,2500,72.66666666666667,73.0,420
140,3,2500,67.33333333333333,71.0,399
140,6,2500,73.0,74.0,426
140,9,2500,70.66666666666667,72.0,425
140,12,2500,71.0,76.0,515
140,15,2500,72.33333333333333,74.0,509
160,3,2500,70.33333333333333,71.0,503
160,6,2500,72.0,74.0,432
160,9,2500,70.66666666666667,71.0,463
160,12,2500,72.66666666666667,74.0,445
160,15,2500,72.66666666666667,75.0,499
180,3,2500,71.66666666666667,72.0,472
180,6,2500,70.0,72.0,522
180,9,2500,73.33333333333333,75.0,541
180,12,2500,73.33333333333333,75.0,517
180,15,2500,73.66666666666667,75.0,536
100,3,5000,71.33333333333333,74.0,710
100,6,5000,70.0,72.0,716
100,9,5000,72.33333333333333,73.0,705
100,12,5000,73.0,76.0,682
100,15,5000,72.66666666666667,73.0,734
120,3,5000,71.0,72.0,722
120,6,5000,72.33333333333333,74.0,705
120,9,5000,71.0,72.0,881
120,12,5000,72.66666666666667,73.0,849
120,15,5000,73.33333333333333,75.0,833
140,3,5000,70.33333333333333,73.0,762
140,6,5000,72.33333333333333,76.0,954
140,9,5000,72.0,72.0,832
140,12,5000,73.33333333333333,75.0,789
140,15,5000,72.33333333333333,75.0,815
160,3,5000,70.66666666666667,72.0,948
160,6,5000,72.0,74.0,836
160,9,5000,73.66666666666667,74.0,842
160,12,5000,72.66666666666667,73.0,927
160,15,5000,73.0,74.0,846
180,3,5000,69.66666666666667,71.0,961
180,6,5000,70.66666666666667,73.0,915
180,9,5000,72.33333333333333,73.0,885
180,12,5000,72.33333333333333,73.0,931
180,15,5000,74.0,75.0,939
100,3,10000,71.0,73.0,1457
100,6,10000,72.66666666666667,75.0,1426
100,9,10000,73.0,75.0,1707
100,12,10000,74.33333333333333,76.0,1616
100,15,10000,75.0,76.0,1529
120,3,10000,71.33333333333333,73.0,1605
120,6,10000,72.66666666666667,74.0,1746
120,9,10000,72.33333333333333,73.0,1837
120,12,10000,74.66666666666667,77.0,1816
120,15,10000,73.66666666666667,75.0,1700
140,3,10000,73.33333333333333,76.0,1941
140,6,10000,73.66666666666667,75.0,1816
140,9,10000,72.66666666666667,75.0,2055
140,12,10000,73.66666666666667,75.0,2155
140,15,10000,75.0,77.0,2004
160,3,10000,72.66666666666667,74.0,2126
160,6,10000,72.66666666666667,74.0,2116
160,9,10000,75.0,77.0,2242
160,12,10000,73.66666666666667,75.0,2507
160,15,10000,73.66666666666667,75.0,2523
180,3,10000,73.0,74.0,2569
180,6,10000,75.33333333333333,77.0,2716
180,9,10000,73.66666666666667,76.0,2872
180,12,10000,75.0,76.0,2629
180,15,10000,74.33333333333333,76.0,2631
100,3,20000,75.0,77.0,3795
100,6,20000,71.66666666666667,74.0,4742
100,9,20000,75.0,77.0,4428
100,12,20000,73.66666666666667,76.0,3927
100,15,20000,75.66666666666667,77.0,5946
120,3,20000,74.66666666666667,77.0,5219
120,6,20000,72.66666666666667,74.0,3686
120,9,20000,74.0,76.0,3292
120,12,20000,75.0,77.0,3020
120,15,20000,73.0,76.0,3026
140,3,20000,73.33333333333333,75.0,3032
140,6,20000,73.66666666666667,76.0,2771
140,9,20000,75.66666666666667,77.0,3222
140,12,20000,73.0,75.0,2759
140,15,20000,75.0,76.0,2842
160,3,20000,73.0,74.0,2932
160,6,20000,74.66666666666667,77.0,2992
160,9,20000,75.0,77.0,3059
160,12,20000,75.66666666666667,77.0,3075
160,15,20000,75.66666666666667,78.0,3150
180,3,20000,72.66666666666667,73.0,3130
180,6,20000,74.66666666666667,76.0,3013
180,9,20000,73.0,74.0,3220
180,12,20000,74.33333333333333,75.0,3169
180,15,20000,75.66666666666667,78.0,3120


MIMIC
---------------------------------
MI, samples, keep, num_iterations, avg,best, train_time
100,20,100,66.0,67.0,714
100,40,100,66.0,68.0,675
100,60,100,65.33333333333333,67.0,1021
100,80,100,64.0,65.0,1193
150,20,100,67.66666666666667,70.0,591
150,40,100,69.66666666666667,74.0,765
150,60,100,68.33333333333333,69.0,935
150,80,100,65.66666666666667,68.0,1128
200,20,100,68.0,68.0,631
200,40,100,70.66666666666667,72.0,775
200,60,100,72.33333333333333,74.0,953
200,80,100,69.0,70.0,1327
250,20,100,72.66666666666667,73.0,757
250,40,100,70.33333333333333,72.0,929
250,60,100,70.66666666666667,72.0,1237
250,80,100,72.0,73.0,1403
100,20,200,68.66666666666667,70.0,1196
100,40,200,66.66666666666667,68.0,1320
100,60,200,65.66666666666667,69.0,1747
100,80,200,62.666666666666664,65.0,2094
150,20,200,68.33333333333333,69.0,1167
150,40,200,67.66666666666667,70.0,1366
150,60,200,68.33333333333333,70.0,1811
150,80,200,65.66666666666667,69.0,2624
200,20,200,69.33333333333333,71.0,2659
200,40,200,68.33333333333333,69.0,1443
200,60,200,71.33333333333333,72.0,1856
200,80,200,70.66666666666667,74.0,2181
250,20,200,71.0,72.0,1379
250,40,200,70.0,72.0,1716
250,60,200,73.33333333333333,74.0,1846
250,80,200,71.0,73.0,2369
100,20,400,66.66666666666667,69.0,2150
100,40,400,69.66666666666667,71.0,2788
100,60,400,68.66666666666667,71.0,3989
100,80,400,65.66666666666667,67.0,4572
150,20,400,70.66666666666667,73.0,2510
150,40,400,67.33333333333333,72.0,3187
150,60,400,72.33333333333333,75.0,3737
150,80,400,69.66666666666667,71.0,4585
200,20,400,70.33333333333333,71.0,2710
200,40,400,69.33333333333333,71.0,3339
200,60,400,72.0,76.0,3971
200,80,400,70.0,72.0,4799
250,20,400,73.66666666666667,76.0,2969
250,40,400,71.0,72.0,3602
250,60,400,72.0,77.0,4262
250,80,400,70.0,71.0,5127
100,20,1000,71.33333333333333,73.0,5551
100,40,1000,66.33333333333333,70.0,7207
100,60,1000,68.0,71.0,8983
100,80,1000,66.0,70.0,11433
150,20,1000,73.0,74.0,6089
150,40,1000,69.66666666666667,70.0,7674
150,60,1000,69.66666666666667,72.0,9307
150,80,1000,67.33333333333333,70.0,11345
200,20,1000,72.33333333333333,74.0,6918
200,40,1000,69.33333333333333,71.0,8366
200,60,1000,69.0,71.0,9966
200,80,1000,69.33333333333333,71.0,11858
250,20,1000,71.66666666666667,72.0,7442
250,40,1000,72.0,74.0,9089
250,60,1000,70.66666666666667,72.0,10643
250,80,1000,72.66666666666667,75.0,24798
100,20,2500,75.66666666666667,76.0,16582
100,40,2500,68.0,69.0,32124
100,60,2500,69.66666666666667,70.0,24302
100,80,2500,69.33333333333333,71.0,73615
150,20,2500,71.33333333333333,72.0,37058
150,40,2500,68.66666666666667,71.0,48532
150,60,2500,70.33333333333333,73.0,48620
150,80,2500,69.33333333333333,71.0,43740
200,20,2500,74.66666666666667,76.0,55937
200,40,2500,70.66666666666667,73.0,65534
200,60,2500,70.66666666666667,72.0,66933
200,80,2500,71.33333333333333,76.0,67281
250,20,2500,74.0,77.0,19301
250,40,2500,71.33333333333333,72.0,24288
250,60,2500,73.0,75.0,30954
250,80,2500,72.33333333333333,77.0,33749
100,20,5000,75.0,75.0,29683
100,40,5000,69.0,70.0,36305
100,60,5000,70.33333333333333,73.0,44716
100,80,5000,67.33333333333333,71.0,74047
150,20,5000,75.66666666666667,77.0,61707
150,40,5000,70.66666666666667,72.0,61191
150,60,5000,71.33333333333333,75.0,58159
150,80,5000,68.66666666666667,71.0,126753
200,20,5000,75.66666666666667,77.0,92050
200,40,5000,71.33333333333333,75.0,64238
200,60,5000,72.66666666666667,75.0,54142
200,80,5000,70.33333333333333,71.0,61216
250,20,5000,76.66666666666667,78.0,37452
250,40,5000,70.0,72.0,49347
250,60,5000,71.33333333333333,72.0,57709
250,80,5000,69.0,72.0,76343
100,20,10000,76.0,78.0,59629
100,40,10000,72.33333333333333,74.0,80390
100,60,10000,72.0,75.0,92187
