Simulated Annealing
---------------------------------
SA: initial_temp, cooling_rate, num_iterations, avg, best, train_time
1.0E9,0.8,100,1.0,1.0,1
1.0E9,0.8,200,2.6666666666666665,3.0,3
1.0E9,0.8,400,2.888888888888889,3.0,2
1.0E9,0.8,1000,7.296296296296297,8.0,6
1.0E9,0.8,2500,19.098765432098766,21.0,5
1.0E9,0.8,5000,26.69958847736625,27.0,6
1.0E9,0.8,10000,50.23319615912209,48.0,29
1.0E9,0.8,20000,133.0777320530407,131.0,48
1.0E9,0.9,100,1.3333333333333333,3.0,1
1.0E9,0.9,200,1.111111111111111,3.0,0
1.0E9,0.9,400,6.37037037037037,11.0,5
1.0E9,0.9,1000,6.1234567901234565,11.0,0
1.0E9,0.9,2500,16.041152263374485,25.0,1
1.0E9,0.9,5000,28.680384087791495,27.0,3
1.0E9,0.9,10000,60.226794695930494,66.0,7
1.0E9,0.9,20000,116.7422648986435,106.0,47
1.0E9,0.95,100,2.6666666666666665,4.0,0
1.0E9,0.95,200,2.5555555555555554,4.0,1
1.0E9,0.95,400,1.5185185185185184,4.0,0
1.0E9,0.95,1000,3.8395061728395063,4.0,2
1.0E9,0.95,2500,18.94650205761317,18.0,1
1.0E9,0.95,5000,24.64883401920439,22.0,3
1.0E9,0.95,10000,54.88294467306813,54.0,6
1.0E9,0.95,20000,107.62764822435604,92.0,15
1.0E9,0.99,100,2.3333333333333335,7.0,0
1.0E9,0.99,200,2.4444444444444446,7.0,0
1.0E9,0.99,400,4.148148148148148,7.0,0
1.0E9,0.99,1000,2.382716049382716,7.0,0
1.0E9,0.99,2500,3.127572016460905,7.0,1
1.0E9,0.99,5000,16.3758573388203,23.0,3
1.0E9,0.99,10000,39.12528577960676,37.0,17
1.0E9,0.99,20000,97.37509525986893,88.0,12
1.0E10,0.8,100,2.6666666666666665,7.0,0
1.0E10,0.8,200,2.222222222222222,7.0,1
1.0E10,0.8,400,7.407407407407407,9.0,0
1.0E10,0.8,1000,10.469135802469136,16.0,1
1.0E10,0.8,2500,11.823045267489713,16.0,3
1.0E10,0.8,5000,35.274348422496566,38.0,9
1.0E10,0.8,10000,64.09144947416551,57.0,12
1.0E10,0.8,20000,137.03048315805518,144.0,16
1.0E10,0.9,100,0.3333333333333333,1.0,0
1.0E10,0.9,200,3.7777777777777772,6.0,0
1.0E10,0.9,400,2.9259259259259256,6.0,0
1.0E10,0.9,1000,6.975308641975308,7.0,1
1.0E10,0.9,2500,13.325102880658434,13.0,1
1.0E10,0.9,5000,39.10836762688614,42.0,3
1.0E10,0.9,10000,57.03612254229538,53.0,6
1.0E10,0.9,20000,124.34537418076513,122.0,16
1.0E10,0.95,100,2.0,4.0,0
1.0E10,0.95,200,2.3333333333333335,4.0,0
1.0E10,0.95,400,2.4444444444444446,4.0,0
1.0E10,0.95,1000,3.4814814814814814,4.0,2
1.0E10,0.95,2500,13.493827160493828,16.0,5
1.0E10,0.95,5000,30.497942386831273,34.0,13
1.0E10,0.95,10000,62.49931412894375,72.0,32
1.0E10,0.95,20000,110.83310470964791,103.0,14
1.0E10,0.99,100,1.0,1.0,1
1.0E10,0.99,200,1.3333333333333333,2.0,0
1.0E10,0.99,400,5.444444444444444,10.0,0
1.0E10,0.99,1000,3.8148148148148144,10.0,0
1.0E10,0.99,2500,4.271604938271605,10.0,2
1.0E10,0.99,5000,19.090534979423868,19.0,3
1.0E10,0.99,10000,42.03017832647462,43.0,16
1.0E10,0.99,20000,97.67672610882487,93.0,170
1.0E11,0.8,100,1.0,2.0,3
1.0E11,0.8,200,1.3333333333333333,3.0,1
1.0E11,0.8,400,6.777777777777778,11.0,5
1.0E11,0.8,1000,4.9259259259259265,11.0,8
1.0E11,0.8,2500,14.975308641975309,21.0,32
1.0E11,0.8,5000,33.32510288065844,31.0,33
1.0E11,0.8,10000,80.77503429355282,82.0,69
1.0E11,0.8,20000,117.59167809785095,99.0,157
1.0E11,0.9,100,3.6666666666666665,5.0,1
1.0E11,0.9,200,2.5555555555555554,5.0,2
1.0E11,0.9,400,4.518518518518518,7.0,4
1.0E11,0.9,1000,9.506172839506172,13.0,7
1.0E11,0.9,2500,15.835390946502057,18.0,21
1.0E11,0.9,5000,35.945130315500684,34.0,36
1.0E11,0.9,10000,74.64837677183355,83.0,68
1.0E11,0.9,20000,108.21612559061118,103.0,137
1.0E11,0.95,100,1.0,3.0,2
1.0E11,0.95,200,0.6666666666666666,3.0,1
1.0E11,0.95,400,1.8888888888888886,3.0,1
1.0E11,0.95,1000,6.962962962962963,10.0,9
1.0E11,0.95,2500,13.654320987654321,15.0,12
1.0E11,0.95,5000,35.218106995884774,40.0,10
1.0E11,0.95,10000,58.73936899862826,51.0,56
1.0E11,0.95,20000,115.2464563328761,100.0,129
1.0E11,0.99,100,2.0,4.0,1
1.0E11,0.99,200,1.0,4.0,1
1.0E11,0.99,400,1.0,4.0,2
1.0E11,0.99,1000,2.0,4.0,4
1.0E11,0.99,2500,2.6666666666666665,4.0,12
1.0E11,0.99,5000,11.222222222222223,16.0,27
1.0E11,0.99,10000,47.40740740740741,50.0,70
1.0E11,0.99,20000,103.1358024691358,104.0,43
1.0E12,0.8,100,1.3333333333333333,2.0,0
1.0E12,0.8,200,1.4444444444444444,2.0,0
1.0E12,0.8,400,4.814814814814815,6.0,2
1.0E12,0.8,1000,8.271604938271606,11.0,15
1.0E12,0.8,2500,20.757201646090536,24.0,17
1.0E12,0.8,5000,30.58573388203018,38.0,3
1.0E12,0.8,10000,60.19524462734339,69.0,8
1.0E12,0.8,20000,129.39841487578113,122.0,16
1.0E12,0.9,100,1.3333333333333333,2.0,0
1.0E12,0.9,200,3.444444444444444,4.0,0
1.0E12,0.9,400,3.1481481481481484,4.0,1
1.0E12,0.9,1000,6.049382716049383,8.0,1
1.0E12,0.9,2500,17.016460905349792,21.0,1
1.0E12,0.9,5000,30.33882030178326,37.0,3
1.0E12,0.9,10000,67.44627343392774,60.0,6
1.0E12,0.9,20000,109.48209114464258,95.0,14
1.0E12,0.95,100,2.6666666666666665,5.0,0
1.0E12,0.95,200,2.888888888888889,5.0,1
1.0E12,0.95,400,1.6296296296296298,5.0,1
1.0E12,0.95,1000,4.54320987654321,5.0,0
1.0E12,0.95,2500,12.847736625514402,15.0,1
1.0E12,0.95,5000,27.6159122085048,25.0,3
1.0E12,0.95,10000,68.87197073616827,70.0,7
1.0E12,0.95,20000,121.29065691205608,102.0,14
1.0E12,0.99,100,2.3333333333333335,4.0,0
1.0E12,0.99,200,2.111111111111111,4.0,0
1.0E12,0.99,400,2.0370370370370368,4.0,0
1.0E12,0.99,1000,1.3456790123456788,4.0,1
1.0E12,0.99,2500,2.781893004115226,5.0,1
1.0E12,0.99,5000,19.92729766803841,33.0,3
1.0E12,0.99,10000,44.97576588934614,46.0,7
1.0E12,0.99,20000,104.3252552964487,98.0,12
1.0E13,0.8,100,2.3333333333333335,5.0,0
1.0E13,0.8,200,3.4444444444444446,6.0,0
1.0E13,0.8,400,6.148148148148148,9.0,0
1.0E13,0.8,1000,8.049382716049383,9.0,1
1.0E13,0.8,2500,14.349794238683126,15.0,1
1.0E13,0.8,5000,23.449931412894376,22.0,3
1.0E13,0.8,10000,59.14997713763146,70.0,9
1.0E13,0.8,20000,143.38332571254384,147.0,15
1.0E13,0.9,100,2.3333333333333335,3.0,0
1.0E13,0.9,200,2.777777777777778,3.0,0
1.0E13,0.9,400,3.2592592592592595,3.0,0
1.0E13,0.9,1000,7.753086419753086,9.0,1
1.0E13,0.9,2500,16.25102880658436,22.0,1
1.0E13,0.9,5000,35.75034293552812,37.0,3
1.0E13,0.9,10000,69.25011431184271,69.0,6
1.0E13,0.9,20000,116.75003810394757,110.0,15
1.0E13,0.95,100,2.3333333333333335,3.0,0
1.0E13,0.95,200,2.111111111111111,3.0,0
1.0E13,0.95,400,2.3703703703703702,4.0,1
1.0E13,0.95,1000,3.7901234567901234,5.0,1
1.0E13,0.95,2500,15.596707818930042,20.0,2
1.0E13,0.95,5000,20.532235939643346,21.0,4
1.0E13,0.95,10000,61.17741197988111,58.0,4
1.0E13,0.95,20000,127.7258039932937,123.0,13
1.0E13,0.99,100,1.0,2.0,1
1.0E13,0.99,200,1.3333333333333333,2.0,0
1.0E13,0.99,400,3.444444444444444,6.0,1
1.0E13,0.99,1000,1.8148148148148149,6.0,0
1.0E13,0.99,2500,0.9382716049382717,6.0,1
1.0E13,0.99,5000,17.31275720164609,31.0,3
1.0E13,0.99,10000,46.104252400548695,43.0,7
1.0E13,0.99,20000,97.70141746684958,105.0,13

Genetic Algorithm
---------------------------------
GA, crossover, mutation, num_iterations, avg, best, train_time
10,3,100,9.333333333333334,13.0,21
10,3,200,13.444444444444445,13.0,38
10,3,400,17.814814814814813,14.0,65
10,3,1000,16.271604938271604,14.0,248
10,3,2500,24.090534979423868,28.0,330
10,3,5000,31.363511659807955,29.0,685
10,3,10000,42.121170553269316,40.0,1517
10,3,20000,64.0403901844231,63.0,2930
10,6,100,11.0,13.0,17
10,6,200,16.333333333333332,22.0,33
10,6,400,22.444444444444443,27.0,64
10,6,1000,24.48148148148148,27.0,132
10,6,2500,34.160493827160494,28.0,354
10,6,5000,39.7201646090535,40.0,789
10,6,10000,57.24005486968449,50.0,1299
10,6,20000,84.41335162322817,81.0,2891
10,9,100,8.0,10.0,16
10,9,200,15.333333333333334,15.0,33
10,9,400,17.11111111111111,15.0,56
10,9,1000,24.703703703703706,26.0,157
10,9,2500,40.23456790123457,35.0,365
10,9,5000,46.41152263374486,40.0,710
10,9,10000,72.13717421124828,67.0,1422
10,9,20000,94.04572473708276,80.0,2602
10,12,100,11.666666666666666,14.0,12
10,12,200,14.222222222222221,14.0,26
10,12,400,18.074074074074073,19.0,49
10,12,1000,25.358024691358025,23.0,129
10,12,2500,40.452674897119344,43.0,319
10,12,5000,51.15089163237312,43.0,591
10,12,10000,77.38363054412437,74.0,1249
10,12,20000,115.46121018137478,115.0,2696
10,15,100,11.333333333333334,12.0,15
10,15,200,15.111111111111112,16.0,31
10,15,400,20.037037037037038,16.0,60
10,15,1000,24.012345679012345,20.0,153
10,15,2500,40.00411522633745,35.0,476
10,15,5000,64.00137174211248,61.0,882
10,15,10000,87.6671239140375,78.0,1444
10,15,20000,131.55570797134584,128.0,2888
20,3,100,10.666666666666666,12.0,14
20,3,200,11.555555555555555,12.0,28
20,3,400,13.185185185185185,12.0,65
20,3,1000,15.395061728395062,13.0,138
20,3,2500,20.79835390946502,22.0,366
20,3,5000,30.266117969821675,35.0,780
20,3,10000,39.75537265660723,35.0,1587
20,3,20000,51.918457552202405,40.0,3038
20,6,100,10.0,12.0,16
20,6,200,14.666666666666666,14.0,30
20,6,400,16.22222222222222,14.0,73
20,6,1000,25.074074074074076,31.0,190
20,6,2500,31.024691358024693,31.0,370
20,6,5000,41.34156378600823,39.0,757
20,6,10000,60.11385459533608,50.0,1517
20,6,20000,71.03795153177869,59.0,2978
20,9,100,10.666666666666666,15.0,17
20,9,200,22.222222222222218,26.0,28
20,9,400,18.074074074074073,26.0,58
20,9,1000,26.024691358024693,26.0,153
20,9,2500,36.674897119341566,29.0,410
20,9,5000,51.558299039780515,43.0,781
20,9,10000,64.51943301326017,59.0,1544
20,9,20000,92.50647767108671,81.0,3098
20,12,100,13.333333333333334,18.0,15
20,12,200,14.777777777777779,18.0,29
20,12,400,20.925925925925927,20.0,56
20,12,1000,28.975308641975307,28.0,152
20,12,2500,45.9917695473251,43.0,568
20,12,5000,57.997256515775035,52.0,864
20,12,10000,84.665752171925,74.0,1500
20,12,20000,113.555250723975,91.0,2909
20,15,100,12.666666666666666,17.0,12
20,15,200,17.22222222222222,17.0,29
20,15,400,17.40740740740741,17.0,57
20,15,1000,30.80246913580247,27.0,145
20,15,2500,44.26748971193416,37.0,369
20,15,5000,58.755829903978054,47.0,682
20,15,10000,86.58527663465935,75.0,1531
20,15,20000,114.52842554488645,107.0,3312
30,3,100,9.0,13.0,37
30,3,200,14.0,13.0,51
30,3,400,21.333333333333332,24.0,69
30,3,1000,20.777777777777775,24.0,147
30,3,2500,27.259259259259256,24.0,403
30,3,5000,38.41975308641975,32.0,866
30,3,10000,44.47325102880658,34.0,1455
30,3,20000,57.15775034293552,48.0,2917
30,6,100,10.333333333333334,11.0,16
30,6,200,15.111111111111112,13.0,39
30,6,400,19.037037037037038,18.0,68
30,6,1000,26.34567901234568,23.0,164
30,6,2500,25.11522633744856,23.0,372
30,6,5000,46.371742112482856,47.0,757
30,6,10000,55.457247370827616,47.0,1452
30,6,20000,78.81908245694254,75.0,3146
30,9,100,12.666666666666666,17.0,24
30,9,200,16.555555555555554,17.0,30
30,9,400,19.51851851851852,17.0,66
30,9,1000,25.839506172839506,22.0,174
30,9,2500,33.61316872427984,32.0,386
30,9,5000,47.53772290809328,45.0,834
30,9,10000,64.17924096936443,50.0,1519
30,9,20000,83.72641365645481,69.0,2926
30,12,100,10.666666666666666,12.0,17
30,12,200,16.555555555555554,16.0,29
30,12,400,16.85185185185185,16.0,59
30,12,1000,26.28395061728395,22.0,144
30,12,2500,43.09465020576132,36.0,356
30,12,5000,51.03155006858711,47.0,776
30,12,10000,69.01051668952904,54.0,1440
30,12,20000,105.670172229843,90.0,3088
30,15,100,11.666666666666666,13.0,18
30,15,200,17.88888888888889,15.0,30
30,15,400,20.962962962962962,18.0,65
30,15,1000,24.987654320987655,23.0,152
30,15,2500,45.995884773662546,40.0,397
30,15,5000,52.66529492455418,46.0,716
30,15,10000,88.88843164151807,78.0,1687
30,15,20000,136.29614388050604,115.0,2920
40,3,100,8.666666666666666,10.0,17
40,3,200,13.555555555555555,11.0,32
40,3,400,13.518518518518519,11.0,71
40,3,1000,15.506172839506172,11.0,159
40,3,2500,19.16872427983539,18.0,399
40,3,5000,30.722908093278463,29.0,818
40,3,10000,33.574302697759485,29.0,1509
40,3,20000,54.191434232586495,45.0,3177
40,6,100,12.666666666666666,15.0,12
40,6,200,17.555555555555554,15.0,28
40,6,400,23.85185185185185,22.0,57
40,6,1000,25.28395061728395,22.0,142
40,6,2500,35.42798353909465,30.0,370
40,6,5000,37.475994513031544,30.0,769
40,6,10000,56.491998171010515,53.0,1512
40,6,20000,84.16399939033684,69.0,3049
40,9,100,10.333333333333334,13.0,12
40,9,200,14.111111111111112,13.0,31
40,9,400,23.703703703703706,25.0,60
40,9,1000,28.901234567901238,29.0,155
40,9,2500,41.63374485596708,37.0,391
40,9,5000,49.87791495198903,40.0,755
40,9,10000,59.62597165066301,53.0,1477
40,9,20000,87.541990550221,73.0,3008
40,12,100,11.0,14.0,15
40,12,200,14.0,14.0,29
40,12,400,23.0,26.0,59
40,12,1000,23.666666666666668,26.0,145
40,12,2500,43.88888888888889,48.0,363
40,12,5000,57.96296296296296,52.0,765
40,12,10000,82.65432098765432,68.0,1799
40,12,20000,111.21810699588478,92.0,4715
40,15,100,11.666666666666666,14.0,60
40,15,200,21.888888888888886,28.0,47
40,15,400,22.296296296296294,28.0,95
40,15,1000,30.098765432098762,28.0,279
40,15,2500,40.699588477366255,36.0,649
40,15,5000,60.23319615912209,52.0,1420
40,15,10000,87.41106538637403,71.0,2430
40,15,20000,121.13702179545801,97.0,4383
50,3,100,10.333333333333334,11.0,16
50,3,200,14.444444444444445,11.0,46
50,3,400,17.14814814814815,15.0,95
50,3,1000,22.71604938271605,24.0,162
50,3,2500,32.90534979423868,30.0,546
50,3,5000,37.96844993141289,32.0,1096
50,3,10000,41.989483310470966,38.0,2519
50,3,20000,54.663161103490324,51.0,5724
50,6,100,12.333333333333334,17.0,23
50,6,200,17.444444444444446,17.0,42
50,6,400,16.14814814814815,17.0,134
50,6,1000,29.71604938271605,36.0,263
50,6,2500,34.57201646090535,36.0,688
50,6,5000,42.19067215363512,36.0,1650
50,6,10000,56.73022405121171,47.0,2588
50,6,20000,75.5767413504039,66.0,5300
50,9,100,10.666666666666666,12.0,17
50,9,200,18.555555555555554,16.0,50
50,9,400,21.51851851851852,18.0,204
50,9,1000,24.17283950617284,22.0,218
50,9,2500,34.724279835390945,27.0,740
50,9,5000,61.24142661179698,52.0,1656
50,9,10000,80.413808870599,63.0,4099
50,9,20000,96.47126962353299,79.0,5110
50,12,100,17.333333333333332,26.0,20
50,12,200,19.444444444444443,26.0,69
50,12,400,23.814814814814813,26.0,64
50,12,1000,30.271604938271604,26.0,262
50,12,2500,40.4238683127572,37.0,552
50,12,5000,59.14128943758573,56.0,1156
50,12,10000,79.7137631458619,64.0,2857
50,12,20000,102.23792104862063,83.0,5881
50,15,100,10.0,12.0,16
50,15,200,20.0,26.0,58
50,15,400,23.666666666666668,26.0,66
50,15,1000,31.222222222222225,31.0,235
50,15,2500,50.074074074074076,49.0,816
50,15,5000,63.02469135802469,51.0,1339
50,15,10000,85.34156378600824,83.0,1741
50,15,20000,123.78052126200275,110.0,5808
60,3,100,12.333333333333334,15.0,16
60,3,200,15.444444444444445,15.0,33
60,3,400,20.14814814814815,19.0,72
60,3,1000,19.71604938271605,19.0,304
60,3,2500,20.57201646090535,19.0,843
60,3,5000,28.52400548696845,28.0,1463
60,3,10000,38.841335162322814,36.0,3415
60,3,20000,64.2804450541076,62.0,5375
60,6,100,11.666666666666666,15.0,20
60,6,200,14.222222222222221,15.0,56
60,6,400,18.74074074074074,15.0,77
60,6,1000,22.580246913580243,21.0,174
60,6,2500,30.19341563786008,29.0,949
60,6,5000,41.06447187928669,38.0,1793
60,6,10000,53.35482395976223,46.0,3507
60,6,20000,80.4516079865874,73.0,5643
60,9,100,12.666666666666666,14.0,19
60,9,200,16.22222222222222,15.0,49
60,9,400,17.074074074074073,15.0,78
60,9,1000,27.024691358024693,24.0,257
60,9,2500,41.674897119341566,42.0,684
60,9,5000,46.224965706447186,42.0,1125
60,9,10000,72.07498856881573,61.0,4637
60,9,20000,98.02499618960525,90.0,42109
60,12,100,15.0,17.0,193
60,12,200,16.0,17.0,378
60,12,400,20.666666666666668,20.0,859
60,12,1000,29.555555555555557,27.0,1960
60,12,2500,35.18518518518518,29.0,648
60,12,5000,53.06172839506173,46.0,1554
60,12,10000,77.02057613168724,62.0,3382
60,12,20000,110.00685871056241,88.0,5618
60,15,100,11.666666666666666,16.0,43
60,15,200,18.22222222222222,18.0,62
60,15,400,25.074074074074076,27.0,69
60,15,1000,25.358024691358025,27.0,230
60,15,2500,43.11934156378601,39.0,581
60,15,5000,63.37311385459534,56.0,1543
60,15,10000,79.79103795153178,68.0,5303
60,15,20000,119.93034598384394,118.0,6258

Genetic Algorithm
---------------------------------
GA, crossover, mutation, num_iterations, avg, best, train_time
100,3,100,13.333333333333334,19.0,35
100,6,100,10.666666666666666,14.0,46
100,9,100,14.0,20.0,22
100,12,100,11.0,12.0,23
100,15,100,14.666666666666666,22.0,21
120,3,100,11.0,13.0,23
120,6,100,12.333333333333334,14.0,52
120,9,100,18.0,20.0,33
120,12,100,14.333333333333334,19.0,29
120,15,100,16.666666666666668,20.0,25
140,3,100,15.333333333333334,21.0,70
140,6,100,11.666666666666666,15.0,55
140,9,100,10.666666666666666,15.0,28
140,12,100,11.666666666666666,13.0,45
140,15,100,13.333333333333334,15.0,28
160,3,100,12.666666666666666,16.0,20
160,6,100,15.666666666666666,19.0,20
160,9,100,12.666666666666666,15.0,21
160,12,100,17.0,22.0,25
160,15,100,17.0,25.0,33
180,3,100,12.333333333333334,14.0,28
180,6,100,13.0,15.0,22
180,9,100,16.333333333333332,18.0,21
180,12,100,12.666666666666666,16.0,27
180,15,100,13.0,18.0,24
100,3,200,11.666666666666666,16.0,32
100,6,200,13.0,18.0,33
100,9,200,11.0,12.0,36
100,12,200,15.666666666666666,21.0,33
100,15,200,12.333333333333334,13.0,31
120,3,200,10.333333333333334,11.0,36
120,6,200,15.333333333333334,17.0,37
120,9,200,16.333333333333332,21.0,37
120,12,200,17.333333333333332,18.0,33
120,15,200,12.666666666666666,14.0,37
140,3,200,16.0,19.0,39
140,6,200,12.666666666666666,15.0,38
140,9,200,13.666666666666666,19.0,40
140,12,200,16.666666666666668,19.0,38
140,15,200,11.666666666666666,13.0,35
160,3,200,10.666666666666666,11.0,45
160,6,200,19.333333333333332,29.0,44
160,9,200,13.666666666666666,17.0,42
160,12,200,15.666666666666666,19.0,41
160,15,200,14.333333333333334,16.0,40
180,3,200,13.0,14.0,42
180,6,200,13.333333333333334,17.0,47
180,9,200,16.0,20.0,49
180,12,200,12.333333333333334,14.0,54
180,15,200,19.666666666666668,26.0,43
100,3,400,11.666666666666666,14.0,68
100,6,400,14.333333333333334,18.0,66
100,9,400,14.333333333333334,18.0,71
100,12,400,17.333333333333332,19.0,74
100,15,400,19.0,22.0,72
120,3,400,12.666666666666666,13.0,101
120,6,400,18.666666666666668,22.0,75
120,9,400,20.666666666666668,23.0,87
120,12,400,15.0,22.0,75
120,15,400,18.0,24.0,91
140,3,400,14.666666666666666,20.0,84
140,6,400,13.333333333333334,16.0,101
140,9,400,14.333333333333334,17.0,92
140,12,400,18.333333333333332,22.0,76
140,15,400,16.0,18.0,75
160,3,400,13.333333333333334,18.0,77
160,6,400,10.333333333333334,13.0,79
160,9,400,15.333333333333334,22.0,82
160,12,400,22.666666666666668,27.0,82
160,15,400,21.0,29.0,85
180,3,400,14.0,19.0,98
180,6,400,16.333333333333332,18.0,88
180,9,400,16.0,22.0,91
180,12,400,14.333333333333334,19.0,86
180,15,400,16.0,22.0,88
100,3,1000,11.0,13.0,166
100,6,1000,17.0,22.0,166
100,9,1000,22.666666666666668,35.0,168
100,12,1000,21.666666666666668,23.0,198
100,15,1000,19.666666666666668,22.0,196
120,3,1000,18.333333333333332,27.0,191
120,6,1000,16.0,19.0,173
120,9,1000,17.666666666666668,20.0,187
120,12,1000,23.0,24.0,180
120,15,1000,29.666666666666668,41.0,206
140,3,1000,18.0,21.0,198
140,6,1000,14.333333333333334,17.0,198
140,9,1000,18.0,23.0,184
140,12,1000,19.666666666666668,31.0,198
140,15,1000,21.333333333333332,30.0,200
160,3,1000,18.333333333333332,26.0,210
160,6,1000,21.666666666666668,30.0,221
160,9,1000,16.0,20.0,207
160,12,1000,31.666666666666668,37.0,211
160,15,1000,24.333333333333332,29.0,217
180,3,1000,10.666666666666666,13.0,300
180,6,1000,16.0,19.0,237
180,9,1000,23.666666666666668,25.0,249
180,12,1000,25.0,31.0,262
180,15,1000,27.333333333333332,36.0,223
100,3,2500,15.333333333333334,25.0,539
100,6,2500,27.666666666666668,31.0,497
100,9,2500,32.0,46.0,498
100,12,2500,27.333333333333332,30.0,437
100,15,2500,31.333333333333332,40.0,451
120,3,2500,18.666666666666668,28.0,456
120,6,2500,24.0,26.0,451
120,9,2500,42.666666666666664,49.0,552
120,12,2500,28.666666666666668,35.0,731
120,15,2500,37.666666666666664,40.0,683
140,3,2500,20.333333333333332,23.0,523
140,6,2500,17.333333333333332,21.0,582
140,9,2500,34.0,39.0,508
140,12,2500,25.333333333333332,30.0,490
140,15,2500,35.333333333333336,39.0,522
160,3,2500,21.333333333333332,29.0,526
160,6,2500,26.666666666666668,33.0,517
160,9,2500,32.333333333333336,44.0,502
160,12,2500,26.666666666666668,32.0,511
160,15,2500,34.666666666666664,48.0,511
180,3,2500,19.333333333333332,26.0,518
180,6,2500,24.666666666666668,31.0,563
180,9,2500,29.333333333333332,36.0,580
180,12,2500,26.666666666666668,32.0,564
180,15,2500,41.333333333333336,57.0,556
100,3,5000,32.0,38.0,868
100,6,5000,34.333333333333336,45.0,893
100,9,5000,44.666666666666664,60.0,1091
100,12,5000,39.333333333333336,52.0,1034
100,15,5000,52.666666666666664,61.0,918
120,3,5000,27.333333333333332,32.0,962
120,6,5000,29.0,36.0,1304
120,9,5000,34.0,38.0,1041
120,12,5000,47.0,51.0,878
120,15,5000,42.333333333333336,45.0,937
140,3,5000,32.666666666666664,38.0,972
140,6,5000,34.333333333333336,35.0,993
140,9,5000,42.0,53.0,952
140,12,5000,37.666666666666664,41.0,1064
140,15,5000,48.333333333333336,53.0,977
160,3,5000,21.0,25.0,1097
160,6,5000,25.0,28.0,1470
160,9,5000,34.666666666666664,43.0,1102
160,12,5000,41.333333333333336,48.0,1230
160,15,5000,48.666666666666664,54.0,1179
180,3,5000,24.333333333333332,27.0,1056
180,6,5000,26.0,31.0,1152
180,9,5000,41.666666666666664,48.0,1135
180,12,5000,41.333333333333336,50.0,1496
180,15,5000,45.0,56.0,1225
100,3,10000,33.666666666666664,40.0,1848
100,6,10000,49.333333333333336,58.0,2293
100,9,10000,52.333333333333336,63.0,1885
100,12,10000,50.0,53.0,2028
100,15,10000,72.33333333333333,82.0,1996
120,3,10000,34.666666666666664,38.0,2029
120,6,10000,44.666666666666664,52.0,1921
120,9,10000,55.333333333333336,75.0,2004
120,12,10000,63.666666666666664,71.0,1930
120,15,10000,63.0,75.0,2452
140,3,10000,33.333333333333336,47.0,2135
140,6,10000,42.666666666666664,55.0,1987
140,9,10000,57.0,62.0,2053
140,12,10000,56.666666666666664,60.0,2298
140,15,10000,66.66666666666667,81.0,2109
160,3,10000,34.333333333333336,38.0,2017
160,6,10000,46.666666666666664,59.0,2240
160,9,10000,59.333333333333336,81.0,2226
160,12,10000,55.666666666666664,64.0,2083
160,15,10000,63.0,69.0,2253
180,3,10000,36.0,43.0,2362
180,6,10000,36.666666666666664,40.0,2217
180,9,10000,59.0,64.0,2775
180,12,10000,67.66666666666667,77.0,2330
180,15,10000,73.0,90.0,2594
100,3,20000,47.666666666666664,59.0,3754
100,6,20000,58.666666666666664,65.0,3446
100,9,20000,73.33333333333333,89.0,3709
100,12,20000,83.33333333333333,85.0,4032
100,15,20000,103.66666666666667,108.0,3645
120,3,20000,51.0,59.0,4183
120,6,20000,64.0,70.0,3682
120,9,20000,74.66666666666667,105.0,3783
120,12,20000,89.0,99.0,4192
120,15,20000,92.0,105.0,4065
140,3,20000,49.333333333333336,58.0,4096
140,6,20000,67.66666666666667,74.0,4313
140,9,20000,69.0,85.0,4220
140,12,20000,93.0,109.0,4291
140,15,20000,98.33333333333333,101.0,4325
160,3,20000,42.333333333333336,56.0,4774
160,6,20000,56.666666666666664,78.0,4766
160,9,20000,78.66666666666667,83.0,4747
160,12,20000,87.33333333333333,94.0,4488
160,15,20000,107.0,117.0,4038
180,3,20000,32.333333333333336,41.0,3836
180,6,20000,61.0,62.0,3966
180,9,20000,68.33333333333333,74.0,3830
180,12,20000,78.33333333333333,85.0,3921
180,15,20000,101.33333333333333,114.0,3735

MIMIC
---------------------------------
MI, samples, keep, num_iterations, avg,best, train_time
100,20,100,15.0,23.0,3678
100,40,100,11.0,11.0,4678
100,60,100,4.333333333333333,7.0,6541
100,80,100,3.6666666666666665,5.0,7793
150,20,100,20.0,23.0,4028
150,40,100,15.333333333333334,17.0,5824
150,60,100,14.0,16.0,6120
150,80,100,7.333333333333333,12.0,10907
200,20,100,39.0,40.0,3577
200,40,100,20.333333333333332,21.0,4985
200,60,100,19.0,23.0,6097
200,80,100,15.0,19.0,8938
250,20,100,35.333333333333336,51.0,4211
250,40,100,23.666666666666668,25.0,5579
250,60,100,25.666666666666668,35.0,6884
250,80,100,13.333333333333334,20.0,8586
100,20,200,19.333333333333332,25.0,7185
100,40,200,14.0,15.0,9773
100,60,200,5.0,8.0,12392
100,80,200,4.0,9.0,15687
150,20,200,26.0,28.0,7790
150,40,200,19.666666666666668,31.0,10133
150,60,200,10.666666666666666,12.0,12574
150,80,200,6.666666666666667,7.0,15970
200,20,200,27.333333333333332,31.0,7891
200,40,200,25.666666666666668,30.0,10232
200,60,200,19.0,24.0,12720
200,80,200,10.0,13.0,15632
250,20,200,40.333333333333336,53.0,8283
250,40,200,24.333333333333332,27.0,10932
250,60,200,22.666666666666668,23.0,15671
250,80,200,19.666666666666668,30.0,18412
100,20,400,27.666666666666668,39.0,30389
100,40,400,17.666666666666668,20.0,21916
100,60,400,6.333333333333333,6.0,45903
100,80,400,4.0,7.0,52991
150,20,400,44.0,54.0,39319
150,40,400,20.333333333333332,26.0,33284
150,60,400,14.666666666666666,15.0,43358
150,80,400,10.666666666666666,12.0,53011
200,20,400,55.333333333333336,62.0,51380
200,40,400,24.333333333333332,32.0,41263
200,60,400,15.666666666666666,28.0,55001
200,80,400,19.0,19.0,54686
250,20,400,61.0,66.0,15877
250,40,400,34.0,47.0,23361
250,60,400,30.0,35.0,39477
250,80,400,18.666666666666668,23.0,36330
100,20,1000,44.0,44.0,38124
100,40,1000,25.0,28.0,48830
100,60,1000,6.333333333333333,9.0,74893
100,80,1000,8.0,12.0,128972
150,20,1000,58.333333333333336,60.0,42615
150,40,1000,34.333333333333336,53.0,103972
150,60,1000,21.666666666666668,37.0,130510
150,80,1000,9.666666666666666,11.0,85943
200,20,1000,77.0,89.0,70859
200,40,1000,36.333333333333336,55.0,53066
200,60,1000,19.666666666666668,26.0,67350
200,80,1000,21.333333333333332,22.0,82514
250,20,1000,95.66666666666667,108.0,48459
250,40,1000,52.0,76.0,57588
250,60,1000,33.0,39.0,68977
250,80,1000,25.666666666666668,37.0,87992
100,20,2500,81.66666666666667,81.0,89667
100,40,2500,32.333333333333336,45.0,99633
100,60,2500,10.666666666666666,14.0,104157
100,80,2500,9.333333333333334,14.0,110560
150,20,2500,106.33333333333333,115.0,56678
150,40,2500,40.666666666666664,43.0,84253
150,60,2500,29.333333333333332,31.0,105323
150,80,2500,21.0,26.0,119416
200,20,2500,131.33333333333334,140.0,59463
200,40,2500,62.0,72.0,80653
200,60,2500,33.0,41.0,108357
200,80,2500,27.0,39.0,185179
250,20,2500,146.0,164.0,67533
250,40,2500,63.666666666666664,69.0,93945
250,60,2500,41.666666666666664,49.0,125124
250,80,2500,31.333333333333332,49.0,163055
100,20,5000,114.0,124.0,131813
100,40,5000,47.0,51.0,142797
100,60,5000,29.666666666666668,36.0,183330
100,80,5000,18.666666666666668,19.0,237296
150,20,5000,168.33333333333334,187.0,125675
150,40,5000,62.666666666666664,75.0,157851
150,60,5000,43.333333333333336,51.0,182385
150,80,5000,27.0,31.0,207020
200,20,5000,175.0,182.0,114045
200,40,5000,66.66666666666667,71.0,156022
200,60,5000,53.0,63.0,235157
200,80,5000,37.666666666666664,41.0,180741
250,20,5000,199.66666666666666,200.0,91415
250,40,5000,81.66666666666667,88.0,115734
250,60,5000,67.66666666666667,73.0,136104
250,80,5000,45.333333333333336,47.0,160546
100,20,10000,164.33333333333334,171.0,152268
100,40,10000,57.666666666666664,64.0,204502
100,60,10000,45.333333333333336,50.0,251260

RHC
---------------------------------
RHC: num_iterations, avg, best, train_time
100,1.6666666666666667,3.0,1
200,4.666666666666667,7.0,1
400,5.333333333333333,9.0,2
1000,9.333333333333334,13.0,1
2500,13.666666666666666,23.0,2
5000,19.0,23.0,2
10000,60.666666666666664,80.0,12
20000,105.33333333333333,126.0,26

Genetic Algorithm
---------------------------------
GA, crossover, mutation, num_iterations, avg, best, train_time
100,3,100,10.666666666666666,12.0,20
100,3,200,10.333333333333334,12.0,39
100,3,400,10.666666666666666,15.0,66
100,3,1000,16.666666666666668,25.0,129
100,3,2500,14.666666666666666,15.0,289
100,3,5000,27.666666666666668,35.0,642
100,3,10000,39.333333333333336,52.0,1323
100,3,20000,41.333333333333336,50.0,2449
100,6,100,12.333333333333334,14.0,13
100,6,200,9.333333333333334,12.0,26
100,6,400,16.666666666666668,22.0,48
100,6,1000,21.333333333333332,24.0,119
100,6,2500,19.333333333333332,21.0,300
100,6,5000,33.333333333333336,40.0,642
100,6,10000,50.333333333333336,54.0,1283
100,6,20000,59.0,66.0,2827
100,9,100,12.666666666666666,15.0,14
100,9,200,13.666666666666666,16.0,31
100,9,400,18.0,21.0,54
100,9,1000,15.333333333333334,19.0,123
100,9,2500,28.0,30.0,387
100,9,5000,40.666666666666664,44.0,665
100,9,10000,52.0,54.0,1411
100,9,20000,81.66666666666667,99.0,2627
100,12,100,14.666666666666666,18.0,11
100,12,200,19.666666666666668,25.0,27
100,12,400,19.666666666666668,27.0,51
100,12,1000,28.0,35.0,119
100,12,2500,32.333333333333336,39.0,310
100,12,5000,51.333333333333336,55.0,617
100,12,10000,56.0,70.0,1338
100,12,20000,89.0,101.0,2866
100,15,100,11.333333333333334,12.0,13
100,15,200,13.0,16.0,24
100,15,400,15.0,19.0,51
100,15,1000,18.0,22.0,127
100,15,2500,35.666666666666664,41.0,379
100,15,5000,49.0,58.0,755
100,15,10000,69.0,89.0,1567
100,15,20000,106.66666666666667,122.0,3128
120,3,100,11.333333333333334,15.0,14
120,3,200,16.0,18.0,29
120,3,400,16.666666666666668,19.0,51
120,3,1000,14.0,16.0,139
120,3,2500,17.0,18.0,328
120,3,5000,23.0,33.0,661
120,3,10000,38.0,42.0,1340
120,3,20000,45.0,59.0,3058
120,6,100,10.666666666666666,14.0,14
120,6,200,12.0,14.0,29
120,6,400,15.666666666666666,22.0,55
120,6,1000,24.0,31.0,161
120,6,2500,18.666666666666668,22.0,356
120,6,5000,33.666666666666664,37.0,702
120,6,10000,45.666666666666664,49.0,1423
120,6,20000,54.333333333333336,58.0,2935
120,9,100,13.0,16.0,15
120,9,200,12.666666666666666,16.0,32
120,9,400,12.0,12.0,57
120,9,1000,17.666666666666668,19.0,147
120,9,2500,27.666666666666668,35.0,407
120,9,5000,44.333333333333336,49.0,801
120,9,10000,49.0,52.0,1626
120,9,20000,70.0,82.0,3353
120,12,100,16.0,19.0,15
120,12,200,12.333333333333334,14.0,36
120,12,400,19.0,28.0,57
120,12,1000,18.666666666666668,21.0,151
120,12,2500,34.0,44.0,395
120,12,5000,39.666666666666664,42.0,817
120,12,10000,61.666666666666664,75.0,1537
120,12,20000,81.0,94.0,2976
120,15,100,14.333333333333334,16.0,14
120,15,200,14.666666666666666,21.0,29
120,15,400,22.666666666666668,28.0,56
120,15,1000,19.666666666666668,23.0,150
120,15,2500,30.333333333333332,37.0,382
120,15,5000,43.0,55.0,762
120,15,10000,63.333333333333336,71.0,1498
120,15,20000,101.66666666666667,115.0,2950
140,3,100,12.0,13.0,15
140,3,200,14.333333333333334,18.0,30
140,3,400,12.0,18.0,59
140,3,1000,11.333333333333334,14.0,149
140,3,2500,21.333333333333332,23.0,375
140,3,5000,20.0,22.0,745
140,3,10000,30.666666666666668,39.0,1521
140,3,20000,42.666666666666664,52.0,2998
140,6,100,12.333333333333334,14.0,15
140,6,200,15.0,18.0,31
140,6,400,17.333333333333332,32.0,61
140,6,1000,22.0,29.0,152
140,6,2500,22.0,23.0,368
140,6,5000,35.333333333333336,39.0,757
140,6,10000,43.666666666666664,48.0,1504
140,6,20000,57.666666666666664,60.0,3083
140,9,100,15.0,20.0,16
140,9,200,16.0,20.0,30
140,9,400,17.0,20.0,73
140,9,1000,22.666666666666668,30.0,202
140,9,2500,26.0,32.0,402
140,9,5000,42.666666666666664,52.0,754
140,9,10000,54.666666666666664,62.0,1497
140,9,20000,70.66666666666667,74.0,3031
140,12,100,12.666666666666666,17.0,14
140,12,200,14.333333333333334,17.0,29
140,12,400,14.0,16.0,59
140,12,1000,21.666666666666668,30.0,148
140,12,2500,35.666666666666664,43.0,372
140,12,5000,37.666666666666664,46.0,723
140,12,10000,57.666666666666664,63.0,1500
140,12,20000,75.33333333333333,84.0,3051
140,15,100,12.333333333333334,15.0,14
140,15,200,12.333333333333334,18.0,30
140,15,400,16.333333333333332,21.0,58
140,15,1000,24.0,28.0,147
140,15,2500,32.333333333333336,40.0,364
140,15,5000,52.333333333333336,57.0,785
140,15,10000,66.0,76.0,1546
140,15,20000,95.33333333333333,113.0,3338
160,3,100,13.0,16.0,21
160,3,200,14.333333333333334,17.0,39
160,3,400,15.333333333333334,21.0,74
160,3,1000,14.0,15.0,178
160,3,2500,16.333333333333332,18.0,519
160,3,5000,28.333333333333332,38.0,866
160,3,10000,31.0,40.0,1695
160,3,20000,44.333333333333336,48.0,3481
160,6,100,18.666666666666668,24.0,16
160,6,200,17.0,18.0,32
160,6,400,17.666666666666668,24.0,64
160,6,1000,24.0,30.0,181
160,6,2500,31.0,40.0,478
160,6,5000,33.666666666666664,37.0,932
160,6,10000,44.333333333333336,52.0,2087
160,6,20000,65.66666666666667,71.0,3636
160,9,100,15.333333333333334,24.0,17
160,9,200,16.666666666666668,24.0,32
160,9,400,14.333333333333334,15.0,65
160,9,1000,18.333333333333332,23.0,170
160,9,2500,29.666666666666668,35.0,427
160,9,5000,43.333333333333336,46.0,868
160,9,10000,53.333333333333336,56.0,1687
160,9,20000,71.0,79.0,3681
160,12,100,16.666666666666668,21.0,15
160,12,200,16.333333333333332,17.0,32
160,12,400,19.333333333333332,23.0,64
160,12,1000,29.333333333333332,35.0,193
160,12,2500,28.666666666666668,30.0,438
160,12,5000,43.333333333333336,44.0,818
160,12,10000,64.0,67.0,1633
160,12,20000,96.33333333333333,107.0,3494
160,15,100,15.666666666666666,19.0,16
160,15,200,13.333333333333334,15.0,32
160,15,400,15.0,17.0,67
160,15,1000,20.666666666666668,27.0,195
160,15,2500,35.0,42.0,498
160,15,5000,45.666666666666664,55.0,893
160,15,10000,69.66666666666667,72.0,1694
160,15,20000,91.33333333333333,109.0,3800
180,3,100,14.666666666666666,18.0,26
180,3,200,18.333333333333332,22.0,36
180,3,400,15.0,17.0,70
180,3,1000,19.333333333333332,26.0,198
180,3,2500,18.0,20.0,476
180,3,5000,22.333333333333332,29.0,890
180,3,10000,29.333333333333332,38.0,1787
180,3,20000,44.333333333333336,56.0,3498
180,6,100,16.666666666666668,24.0,20
180,6,200,15.666666666666666,17.0,42
180,6,400,18.333333333333332,22.0,80
180,6,1000,20.666666666666668,28.0,171
180,6,2500,21.666666666666668,24.0,415
180,6,5000,31.333333333333332,47.0,856
180,6,10000,42.666666666666664,47.0,1864
180,6,20000,52.0,54.0,3654
180,9,100,18.333333333333332,20.0,16
180,9,200,19.333333333333332,23.0,47
180,9,400,19.666666666666668,25.0,70
180,9,1000,23.666666666666668,31.0,207
180,9,2500,26.333333333333332,30.0,445
180,9,5000,36.666666666666664,46.0,933
180,9,10000,53.333333333333336,58.0,1732
180,9,20000,77.66666666666667,85.0,3591
180,12,100,15.666666666666666,17.0,16
180,12,200,15.333333333333334,22.0,32
180,12,400,14.333333333333334,19.0,65
180,12,1000,26.666666666666668,29.0,165
180,12,2500,36.666666666666664,46.0,411
180,12,5000,36.333333333333336,40.0,856
180,12,10000,61.333333333333336,67.0,1694
180,12,20000,94.66666666666667,103.0,3511
180,15,100,14.333333333333334,16.0,17
180,15,200,13.666666666666666,17.0,35
180,15,400,15.333333333333334,19.0,66
180,15,1000,27.0,31.0,170
180,15,2500,31.0,44.0,440
180,15,5000,41.333333333333336,54.0,859
180,15,10000,68.66666666666667,80.0,1844
180,15,20000,109.33333333333333,113.0,3746

MIMIC
---------------------------------
MI, samples, keep, num_iterations, avg,best, train_time
100,10,100,20.666666666666668,25.0,1782
100,10,200,32.333333333333336,39.0,3360
100,10,400,54.666666666666664,60.0,6824
100,10,1000,86.66666666666667,91.0,16395
100,10,2500,155.66666666666666,169.0,37971
100,50,100,8.0,9.0,3052
100,50,200,9.666666666666666,13.0,6501
100,50,400,13.333333333333334,23.0,10783
100,50,1000,15.666666666666666,22.0,26354
100,50,2500,25.0,41.0,66248
100,90,100,4.0,6.0,4964
100,90,200,5.666666666666667,7.0,9832
100,90,400,3.0,3.0,18154
100,90,1000,11.0,13.0,48882
100,90,2500,10.666666666666666,12.0,117833
175,10,100,31.0,34.0,1860
175,10,200,52.333333333333336,61.0,3824
175,10,400,87.0,100.0,6869
175,10,1000,141.33333333333334,152.0,17283
175,10,2500,191.0,199.0,47154
175,50,100,14.666666666666666,25.0,3523
175,50,200,18.333333333333332,23.0,6460
175,50,400,19.0,21.0,10550
175,50,1000,26.333333333333332,28.0,25522
175,50,2500,45.0,54.0,59105
175,90,100,11.666666666666666,11.0,4434
175,90,200,9.333333333333334,10.0,8518
175,90,400,9.333333333333334,11.0,15724
175,90,1000,13.0,21.0,37721
175,90,2500,17.0,23.0,91791
250,10,100,34.333333333333336,40.0,1766
250,10,200,75.0,91.0,3308
250,10,400,82.0,89.0,6636
250,10,1000,142.66666666666666,153.0,16664
250,10,2500,200.0,200.0,38871
250,50,100,20.666666666666668,27.0,2866
250,50,200,25.333333333333332,33.0,5559
250,50,400,34.666666666666664,41.0,10533
250,50,1000,28.666666666666668,34.0,27625
250,50,2500,37.333333333333336,42.0,64636
250,90,100,20.333333333333332,24.0,4433
250,90,200,17.0,21.0,8368
250,90,400,24.0,38.0,15297
250,90,1000,28.333333333333332,36.0,34705
250,90,2500,19.666666666666668,22.0,90347