Simulated Annealing
---------------------------------
SA: initial_temp, cooling_rate, num_iterations, avg, best, train_time
1.0E9,0.8,100,1804.3750282472029,1972.1705827269411,2
1.0E9,0.8,200,3375.3771450820036,2889.1186695110405,1
1.0E9,0.8,400,4074.1668737614305,3038.160661166021,3
1.0E9,0.8,1000,4295.620896793093,3038.160661166021,1
1.0E9,0.8,2500,4298.358335470013,3049.263238293731,4
1.0E9,0.8,5000,4250.865975764455,3049.263238293731,15
1.0E9,0.8,10000,4425.938785503704,3126.9725738543516,13
1.0E9,0.8,20000,4204.794233849637,3126.9725738543516,25
1.0E9,0.9,100,1632.6308944825712,2025.4093169434334,0
1.0E9,0.9,200,2371.5972748526015,2025.4093169434334,0
1.0E9,0.9,400,3760.158516267624,3033.517670512038,0
1.0E9,0.9,1000,4151.206188122739,3033.517670512038,1
1.0E9,0.9,2500,4303.923138229914,3062.2791785474633,1
1.0E9,0.9,5000,4400.333788345583,3062.2791785474633,3
1.0E9,0.9,10000,4409.546604543735,3062.2791785474633,14
1.0E9,0.9,20000,4503.073028999626,3173.175283373108,34
1.0E9,0.95,100,1757.159077549244,1914.8110048497274,0
1.0E9,0.95,200,2289.515129450086,1924.388288748887,0
1.0E9,0.95,400,2546.231282985133,2012.5190292441107,0
1.0E9,0.95,1000,3759.0515199701185,3109.804765976776,1
1.0E9,0.95,2500,4121.781167277,3109.804765976776,2
1.0E9,0.95,5000,4355.12739811632,3109.804765976776,3
1.0E9,0.95,10000,4417.327617552219,3109.804765976776,8
1.0E9,0.95,20000,4457.632187812229,3154.355778031756,20
1.0E9,0.99,100,1521.340048521717,1670.7413593935844,0
1.0E9,0.99,200,2209.4263285421434,1880.397603379241,1
1.0E9,0.99,400,2384.032073427791,1880.397603379241,0
1.0E9,0.99,1000,2499.6386605060416,2090.704523546609,0
1.0E9,0.99,2500,3844.654003387601,3166.0586202060636,0
1.0E9,0.99,5000,4505.6587186632205,3350.534317005894,3
1.0E9,0.99,10000,4736.617986350227,3350.534317005894,5
1.0E9,0.99,20000,4779.019031330411,3350.534317005894,21
1.0E10,0.8,100,1588.6608637878235,1632.6441963587522,0
1.0E10,0.8,200,3085.21283428441,2696.2190125179336,0
1.0E10,0.8,400,3941.4560364728954,2985.713725403964,1
1.0E10,0.8,1000,4225.272558465081,2985.713725403964,1
1.0E10,0.8,2500,4222.966322881012,2985.713725403964,3
1.0E10,0.8,5000,4312.658224398124,3007.8667937773093,6
1.0E10,0.8,10000,4420.673314759883,3157.8150805660616,19
1.0E10,0.8,20000,4270.840204200482,3157.8150805660616,27
1.0E10,0.9,100,1381.33970351485,1537.361271926919,0
1.0E10,0.9,200,2291.3122619288656,1949.9012830276188,0
1.0E10,0.9,400,3759.9896263555947,3085.236836305698,0
1.0E10,0.9,1000,4270.073950042207,3106.928796923474,1
1.0E10,0.9,2500,4399.222309924337,3200.7198269725436,2
1.0E10,0.9,5000,4382.979077549607,3200.7198269725436,5
1.0E10,0.9,10000,4410.404007207876,3200.7198269725436,12
1.0E10,0.9,20000,4326.819820496034,3200.7198269725436,24
1.0E10,0.95,100,1874.3676527395994,2040.322828202723,0
1.0E10,0.95,200,2266.4920883585646,2047.0279101097613,0
1.0E10,0.95,400,2493.0366288325904,2047.0279101097613,0
1.0E10,0.95,1000,3798.469405791265,3041.550080022943,0
1.0E10,0.95,2500,4141.175954441597,3041.550080022943,2
1.0E10,0.95,5000,4417.476866863158,3136.2273155487,3
1.0E10,0.95,10000,4396.02304900545,3136.2273155487,4
1.0E10,0.95,20000,4527.265129822038,3210.8061200453785,14
1.0E10,0.99,100,1768.6219973586947,1857.7440594815148,0
1.0E10,0.99,200,2289.545504897073,1857.7440594815148,0
1.0E10,0.99,400,2310.3855566514685,1857.7440594815148,0
1.0E10,0.99,1000,2558.4347367989867,1857.7440594815148,0
1.0E10,0.99,2500,3836.483313979641,3018.982755019385,1
1.0E10,0.99,5000,4513.962139076603,3303.0663563601543,2
1.0E10,0.99,10000,4707.712809883349,3303.0663563601543,10
1.0E10,0.99,20000,4782.7151633167605,3303.0663563601543,21
1.0E11,0.8,100,1694.570646868265,1982.301966458671,0
1.0E11,0.8,200,3086.39157589476,2745.019123878258,0
1.0E11,0.8,400,3961.8262174274228,3025.782103280949,0
1.0E11,0.8,1000,4168.412557647756,3025.782103280949,1
1.0E11,0.8,2500,4330.88863689779,3041.7557433999254,3
1.0E11,0.8,5000,4331.3365461792155,3041.7557433999254,11
1.0E11,0.8,10000,4460.657070966484,3106.6867551817863,18
1.0E11,0.8,20000,4384.01715937214,3106.6867551817863,37
1.0E11,0.9,100,1765.2453929087214,1967.0970240540714,0
1.0E11,0.9,200,2158.3136992135037,1967.0970240540714,0
1.0E11,0.9,400,3669.152899680415,2980.3081686814858,0
1.0E11,0.9,1000,4164.540105706336,3081.9196998280127,1
1.0E11,0.9,2500,4383.240099980961,3081.9196998280127,2
1.0E11,0.9,5000,4322.552787874134,3081.9196998280127,3
1.0E11,0.9,10000,4282.393170027076,3081.9196998280127,11
1.0E11,0.9,20000,4456.312318342088,3166.496389786797,23
1.0E11,0.95,100,1767.751837877214,1876.5317483678195,0
1.0E11,0.95,200,2310.801662115908,2056.5244465963715,0
1.0E11,0.95,400,2644.6085637958463,2217.46441988199,0
1.0E11,0.95,1000,3696.694493864489,2859.66223472619,0
1.0E11,0.95,2500,4096.1850195896595,2972.740042222744,1
1.0E11,0.95,5000,4342.776569013041,3127.8693959757943,3
1.0E11,0.95,10000,4443.696957514472,3127.8693959757943,6
1.0E11,0.95,20000,4422.042700254372,3127.8693959757943,31
1.0E11,0.99,100,1769.4725444518629,1869.3817223460273,0
1.0E11,0.99,200,2167.135597560868,1869.3817223460273,0
1.0E11,0.99,400,2603.2964132568377,2033.4350888489942,0
1.0E11,0.99,1000,2757.575944482898,2033.4350888489942,0
1.0E11,0.99,2500,3582.286305299196,2702.9809287610424,1
1.0E11,0.99,5000,4405.473783413473,3283.8767493916753,3
1.0E11,0.99,10000,4624.539856118114,3283.8767493916753,6
1.0E11,0.99,20000,4789.174809193965,3283.8767493916753,12
1.0E12,0.8,100,1782.2204176879802,1963.5600850333728,0
1.0E12,0.8,200,3413.3870528635566,2878.953420302635,0
1.0E12,0.8,400,3970.073947101686,2939.7013221557436,0
1.0E12,0.8,1000,4162.5833780846915,2939.7013221557436,1
1.0E12,0.8,2500,4225.994701813157,3032.3450434546926,2
1.0E12,0.8,5000,4223.247661063803,3032.3450434546926,4
1.0E12,0.8,10000,4406.756730885464,3032.3450434546926,12
1.0E12,0.8,20000,4423.984600476827,3033.4582884362353,27
1.0E12,0.9,100,1677.287789990752,1796.8034990298163,0
1.0E12,0.9,200,2314.892152406736,1835.266210690157,0
1.0E12,0.9,400,3660.2064923384987,2976.603643526027,0
1.0E12,0.9,1000,4086.065679700805,2976.603643526027,0
1.0E12,0.9,2500,4284.788151285728,2976.603643526027,1
1.0E12,0.9,5000,4202.842685533378,2976.603643526027,4
1.0E12,0.9,10000,4428.596859672363,3181.681871711905,11
1.0E12,0.9,20000,4469.344591810626,3181.681871711905,24
1.0E12,0.95,100,1826.0078213229372,1962.5689050465646,0
1.0E12,0.95,200,2412.457924605871,2001.7343010951959,0
1.0E12,0.95,400,2423.0224601819136,2001.7343010951959,0
1.0E12,0.95,1000,3836.9249345836984,3194.794931671448,0
1.0E12,0.95,2500,4135.536788419129,3194.794931671448,1
1.0E12,0.95,5000,4434.8257514795105,3194.794931671448,4
1.0E12,0.95,10000,4620.39373031155,3194.794931671448,6
1.0E12,0.95,20000,4342.935697745949,3194.794931671448,17
1.0E12,0.99,100,1661.3821083963796,1925.074117458427,0
1.0E12,0.99,200,2244.9226343835667,1925.074117458427,0
1.0E12,0.99,400,2152.055400202668,1925.074117458427,0
1.0E12,0.99,1000,2213.790973413794,1925.074117458427,0
1.0E12,0.99,2500,3541.249611789712,2903.9644183939226,0
1.0E12,0.99,5000,4359.915013250359,3258.3554128489304,2
1.0E12,0.99,10000,4652.394219450384,3258.3554128489304,5
1.0E12,0.99,20000,4774.639845813747,3258.3554128489304,13
1.0E13,0.8,100,1763.7128636298228,1857.2708361958667,0
1.0E13,0.8,200,3238.1104462219196,2684.9833660142435,0
1.0E13,0.8,400,3944.8908009020574,2884.229724441204,0
1.0E13,0.8,1000,4328.178874646111,3203.7804914905237,1
1.0E13,0.8,2500,4385.6380665308725,3222.1998463646273,2
1.0E13,0.8,5000,4465.950419168116,3222.1998463646273,5
1.0E13,0.8,10000,4328.20450931551,3222.1998463646273,12
1.0E13,0.8,20000,4396.5490279558335,3222.1998463646273,35
1.0E13,0.9,100,1958.744108916113,2309.096407193832,0
1.0E13,0.9,200,2274.6399248087523,2309.096407193832,0
1.0E13,0.9,400,3696.799039162712,3049.507502198157,1
1.0E13,0.9,1000,4262.547828922686,3183.6980701834077,0
1.0E13,0.9,2500,4336.691886778218,3183.6980701834077,1
1.0E13,0.9,5000,4290.310154843938,3183.6980701834077,4
1.0E13,0.9,10000,4341.776431423893,3183.6980701834077,9
1.0E13,0.9,20000,4431.394014992261,3183.6980701834077,24
1.0E13,0.95,100,1650.271275967035,1788.5342257842672,0
1.0E13,0.95,200,1915.6275383720683,1788.5342257842672,0
1.0E13,0.95,400,2438.6908370000087,2262.883997039526,0
1.0E13,0.95,1000,3822.340785703063,3078.6302333798585,1
1.0E13,0.95,2500,4200.952197730589,3078.6302333798585,1
1.0E13,0.95,5000,4374.170321596862,3118.615054926353,3
1.0E13,0.95,10000,4457.98549230576,3118.615054926353,6
1.0E13,0.95,20000,4450.284066960253,3118.615054926353,20
1.0E13,0.99,100,1698.0403611085574,2089.966095184641,0
1.0E13,0.99,200,2374.8938164580177,2089.966095184641,0
1.0E13,0.99,400,2209.948173690104,2089.966095184641,0
1.0E13,0.99,1000,2243.2998834458635,2089.966095184641,1
1.0E13,0.99,2500,3593.4662267953213,3045.4137107096817,0
1.0E13,0.99,5000,4445.575115005685,3308.849851346908,2
1.0E13,0.99,10000,4674.874975055885,3308.849851346908,4
1.0E13,0.99,20000,4737.100609016987,3356.0250354323057,15

Genetic Algorithm
---------------------------------
GA, crossover, mutation, num_iterations, avg, best, train_time
10,3,100,2863.8999229739024,3001.3380951999548,13
10,3,200,3901.020733129451,3001.3380951999548,20
10,3,400,4337.378173027337,3073.575071129674,89
10,3,1000,4503.115596394827,3100.9469494298455,82
10,3,2500,4630.834689131765,3145.41772635273,463
10,3,5000,4846.149782669806,3335.323990790874,394
10,3,10000,4891.880139998776,3335.323990790874,670
10,3,20000,4968.963771887363,3356.963204217505,1411
10,6,100,2872.461170611637,2909.2820698231862,7
10,6,200,3989.4064378654402,3074.711231564691,16
10,6,400,4348.280049214655,3124.277380016137,28
10,6,1000,4600.197634243284,3180.3794211472136,85
10,6,2500,4785.657680175713,3330.374822775942,182
10,6,5000,4874.312893021421,3330.374822775942,348
10,6,10000,4911.685959608659,3336.2694487752597,707
10,6,20000,4938.442699299344,3336.2694487752597,1381
10,9,100,2884.2867930491716,2967.5883817336953,7
10,9,200,3995.804473060851,3111.7596484665983,14
10,9,400,4416.061051460382,3127.7464800587004,27
10,9,1000,4636.7579228709765,3194.538929102317,66
10,9,2500,4860.404038879063,3329.2738542640486,175
10,9,5000,4930.759055027343,3342.140449036,349
10,9,10000,4941.7548290038885,3349.640776693396,743
10,9,20000,4943.806074753298,3349.640776693396,1599
10,12,100,2847.10997461626,2896.0723798026493,8
10,12,200,3974.764064261097,3071.6647337289355,18
10,12,400,4390.4893375587235,3231.1962617234726,30
10,12,1000,4661.405212483657,3289.702868571746,72
10,12,2500,4801.696962386099,3289.702868571746,183
10,12,5000,4890.995438892447,3328.3180824593774,359
10,12,10000,4894.435089075841,3328.3180824593774,733
10,12,20000,4905.639911139204,3328.3180824593774,1543
10,15,100,2894.899787902735,3042.1837440288828,7
10,15,200,3852.513798040669,3048.0457511542068,16
10,15,400,4403.102533999589,3170.4590943350377,54
10,15,1000,4639.282888491742,3198.494366268733,83
10,15,2500,4839.38259185309,3346.7499858588767,184
10,15,5000,4903.815656187219,3346.7499858588767,360
10,15,10000,4944.084728718465,3346.7499858588767,741
10,15,20000,4928.706491237412,3346.7499858588767,1537
20,3,100,2868.1696716480324,2957.155834287105,8
20,3,200,4069.016174023101,3139.3266337414016,17
20,3,400,4515.7488495014695,3237.651235943833,47
20,3,1000,4685.501229863275,3237.651235943833,116
20,3,2500,4784.740307272564,3257.7054698039506,231
20,3,5000,4885.642740503386,3333.330684708695,447
20,3,10000,4933.449241549574,3343.954858210787,806
20,3,20000,4967.683434233541,3343.954858210787,1761
20,6,100,3040.8134478000143,3087.6630722472687,9
20,6,200,4109.1831317776605,3153.075692985588,17
20,6,400,4463.495873043575,3211.24119894962,39
20,6,1000,4666.732735334147,3233.715303971467,91
20,6,2500,4818.032966211281,3290.6833737187017,214
20,6,5000,4905.0476191864445,3316.998546822148,404
20,6,10000,4951.650879307933,3345.4518247561655,810
20,6,20000,4966.297697184968,3345.4518247561655,1957
20,9,100,2973.3203489437437,3025.6731050132953,9
20,9,200,4059.0148051466344,3141.4785754101604,25
20,9,400,4482.223438752488,3195.5423136503728,36
20,9,1000,4672.405615830798,3206.0458482014765,82
20,9,2500,4873.799339707227,3335.7093453938464,212
20,9,5000,4961.069514048136,3354.9540905056115,403
20,9,10000,4933.524750241385,3354.9540905056115,882
20,9,20000,4924.821704998245,3354.9540905056115,1906
20,12,100,2961.5011829929294,3046.821209552607,9
20,12,200,4035.826901802961,3122.482042238882,17
20,12,400,4487.9300948175205,3173.228405565565,36
20,12,1000,4729.005536798731,3281.0673869747743,83
20,12,2500,4859.899507398299,3310.0920532738246,249
20,12,5000,4910.685642087098,3314.662396943999,440
20,12,10000,4945.29749707116,3346.6376333105236,791
20,12,20000,4940.768429707795,3346.6376333105236,1674
20,15,100,2850.789720238919,2909.0841003413093,9
20,15,200,4014.734032965954,3160.3416101458074,17
20,15,400,4484.969018777505,3203.4904221497,31
20,15,1000,4768.369000019338,3307.9644283136763,95
20,15,2500,4879.9805727820985,3334.493257816412,207
20,15,5000,4879.310078640893,3334.493257816412,393
20,15,10000,4900.533692407169,3334.493257816412,794
20,15,20000,4918.894081908848,3334.493257816412,2154
30,3,100,3007.1133480660665,3031.611087912401,9
30,3,200,4191.800092686516,3279.3471332788445,22
30,3,400,4488.089845477076,3279.3471332788445,36
30,3,1000,4715.969045859748,3279.3471332788445,90
30,3,2500,4882.318680912198,3333.0525088805944,219
30,3,5000,4905.778106364495,3333.0525088805944,477
30,3,10000,4950.422557469413,3333.0525088805944,1057
30,3,20000,5001.701329707568,3361.8677060134523,2399
30,6,100,3073.5349951299977,3133.701243646777,9
30,6,200,4099.101929310721,3133.701243646777,20
30,6,400,4527.488567822683,3260.4551540939706,36
30,6,1000,4736.162505840853,3260.4551540939706,93
30,6,2500,4910.974177355791,3356.3430357104353,233
30,6,5000,4956.042821915767,3356.3430357104353,462
30,6,10000,4970.803173320483,3365.3276602762608,886
30,6,20000,4984.458218969606,3365.3276602762608,1880
30,9,100,3040.773980043747,3080.047849303625,7
30,9,200,4187.399251921338,3207.4686451630673,16
30,9,400,4650.708393982192,3283.2749334004548,34
30,9,1000,4762.223426403182,3295.653164140613,89
30,9,2500,4890.693511089624,3309.309385941081,220
30,9,5000,4940.916315460196,3342.510082902439,420
30,9,10000,4953.381113418368,3342.510082902439,941
30,9,20000,4952.690431627836,3342.510082902439,1885
30,12,100,3088.0577303947116,3103.4596502828376,9
30,12,200,4178.0682257528015,3219.34215822502,17
30,12,400,4589.618685425351,3266.228449992291,38
30,12,1000,4782.544417389928,3274.896508789629,85
30,12,2500,4921.47276738478,3340.5184534779155,222
30,12,5000,4943.958391271518,3340.5184534779155,461
30,12,10000,4976.516174796707,3346.956674766467,903
30,12,20000,4961.578538449544,3346.956674766467,2047
30,15,100,2969.894617307113,3023.164228999251,11
30,15,200,4100.869909186045,3160.520498315518,20
30,15,400,4570.02491009668,3256.708377049627,49
30,15,1000,4816.043398696413,3305.378923768608,102
30,15,2500,4866.2836909559865,3305.378923768608,233
30,15,5000,4893.027622102808,3324.827216169768,508
30,15,10000,4930.949109745167,3324.827216169768,930
30,15,20000,4951.322506964632,3376.4009012856,1885
40,3,100,3049.716515478894,3156.153214232643,11
40,3,200,4125.702114617172,3172.829632715876,28
40,3,400,4539.020410913387,3198.772613885942,41
40,3,1000,4788.46775414989,3312.4942226668813,97
40,3,2500,4824.142749003062,3312.4942226668813,259
40,3,5000,4931.5763381894785,3354.243080775206,492
40,3,10000,4952.4764126742275,3354.243080775206,974
40,3,20000,4964.469090034468,3354.243080775206,2004
40,6,100,3037.8790800703932,3191.0810095434017,10
40,6,200,4208.529558706005,3316.4697693163143,21
40,6,400,4634.264258858191,3316.4697693163143,41
40,6,1000,4788.730357465457,3316.4697693163143,98
40,6,2500,4918.6862727945145,3370.0124182645195,245
40,6,5000,4944.242158016029,3370.0124182645195,493
40,6,10000,4994.342980856771,3370.0124182645195,1008
40,6,20000,5001.335170620624,3379.1679006613817,2155
40,9,100,3069.1392646092027,3137.244276686799,11
40,9,200,4199.187546502645,3221.176288165484,19
40,9,400,4494.302823854188,3221.176288165484,45
40,9,1000,4778.6050708225,3287.622409701404,100
40,9,2500,4890.112287137803,3331.724808749964,261
40,9,5000,4901.214440171439,3331.724808749964,505
40,9,10000,4929.482804621688,3331.724808749964,1056
40,9,20000,4966.413468114348,3333.8417133967246,2194
40,12,100,3068.221706835668,3160.2732437405766,10
40,12,200,4229.274769981349,3253.9923464601275,20
40,12,400,4593.472847056369,3253.9923464601275,36
40,12,1000,4772.357577541672,3253.9923464601275,96
40,12,2500,4869.229171300208,3317.1325657975963,243
40,12,5000,4901.9429028261375,3317.1325657975963,492
40,12,10000,4962.322991512769,3340.983943066427,1020
40,12,20000,4943.293043437928,3340.983943066427,2317
40,15,100,3122.1170421506163,3167.2116562046804,11
40,15,200,4163.16346840158,3167.2116562046804,22
40,15,400,4587.921547905666,3211.853348863955,54
40,15,1000,4768.835812484652,3277.286191380066,101
40,15,2500,4889.077456377435,3339.9021910184174,244
40,15,5000,4933.144969292148,3339.9021910184174,496
40,15,10000,4932.869216264234,3339.9021910184174,1013
40,15,20000,4968.031577518784,3345.4965300319823,1959
50,3,100,3028.021190602409,3065.8078056498507,11
50,3,200,4181.7762315629,3179.9661069416143,21
50,3,400,4538.2841036188,3203.8485711594567,42
50,3,1000,4713.5826355146055,3217.2927357944145,112
50,3,2500,4789.744480162943,3247.2796238044957,275
50,3,5000,4894.954976145192,3325.905300013111,562
50,3,10000,4959.49962925915,3355.94805444094,1048
50,3,20000,4963.202597807885,3355.94805444094,2245
50,6,100,3131.966317933146,3189.4288867225887,11
50,6,200,4154.994432920218,3210.4062130951393,26
50,6,400,4569.204460998231,3226.987398592799,42
50,6,1000,4773.726005837234,3298.721308796269,106
50,6,2500,4902.274093164995,3347.1141553284747,270
50,6,5000,4933.26422580573,3347.1141553284747,577
50,6,10000,4981.409989848123,3356.244209625674,1163
50,6,20000,4977.389650386564,3356.244209625674,2134
50,9,100,3040.050660749946,3103.390964513437,10
50,9,200,4152.230256211624,3213.6201299129084,22
50,9,400,4548.672034437242,3213.6201299129084,45
50,9,1000,4775.46069507161,3267.986374086644,109
50,9,2500,4888.507784017654,3316.4483399961796,275
50,9,5000,4940.370411156971,3352.055966477931,568
50,9,10000,4949.662289754441,3352.055966477931,1081
50,9,20000,4959.56696193701,3352.055966477931,2198
50,12,100,3054.9143156913756,3128.5324213042923,12
50,12,200,4223.820922033984,3272.2024922914025,23
50,12,400,4632.890856152463,3272.2024922914025,44
50,12,1000,4790.281788640924,3272.2024922914025,110
50,12,2500,4891.770227996771,3306.8925558943356,281
50,12,5000,4932.26516378676,3323.4291367616797,543
50,12,10000,4962.688815890797,3342.227367802032,4442
50,12,20000,4974.517996539196,3342.227367802032,11171
50,15,100,3022.8130460949105,3054.1317859537517,65
50,15,200,4188.501495193162,3203.105978199582,120
50,15,400,4632.099246568483,3254.487450800013,227
50,15,1000,4833.0076534217305,3306.3387825962473,744
50,15,2500,4912.52741087101,3316.111939082551,1285
50,15,5000,4869.155605243105,3316.111939082551,1413
50,15,10000,4947.29823323762,3357.5896983575417,2811
50,15,20000,4954.21893527424,3357.5896983575417,9608
60,3,100,3136.4358040255233,3165.3630244515502,11
60,3,200,4248.501437173018,3224.5818106169236,24
60,3,400,4598.4733024530715,3233.731852506677,72
60,3,1000,4728.052557934931,3233.731852506677,720
60,3,2500,4855.9233490596735,3300.2322729154375,1773
60,3,5000,4918.38736827526,3319.014578832888,3169
60,3,10000,4922.401817653416,3352.3650952016183,5959
60,3,20000,4962.846258723251,3352.3650952016183,12513
60,6,100,3125.476940904469,3168.8671763672646,68
60,6,200,4191.55106580209,3170.9983093591563,136
60,6,400,4559.5429188902635,3209.725202083957,250
60,6,1000,4778.953287467014,3331.3513595511135,609
60,6,2500,4897.525925368994,3343.224157529447,407
60,6,5000,4910.909732840514,3343.224157529447,783
60,6,10000,4968.565607631296,3370.69592089709,6254
60,6,20000,4999.6130466957175,3370.69592089709,3851
60,9,100,3118.9307906772488,3180.8948847332445,13
60,9,200,4218.7954564274905,3240.0094235808015,27
60,9,400,4631.947451523913,3324.9257178639227,184
60,9,1000,4763.557049003674,3324.9257178639227,354
60,9,2500,4911.87154365583,3350.235968208856,427
60,9,5000,4949.246085343067,3353.767112920937,1039
60,9,10000,4978.426771468269,3353.767112920937,6820
60,9,20000,4987.618857546112,3353.767112920937,10119
60,12,100,3027.0996144918045,3063.3656665503854,51
60,12,200,4111.406674976008,3168.3708177334133,107
60,12,400,4622.660372626854,3264.9724989694896,188
60,12,1000,4758.579677810006,3269.2460729313175,494
60,12,2500,4879.45737490871,3351.1661097924084,1582
60,12,5000,4911.900559710623,3351.1661097924084,3724
60,12,10000,4986.66175251805,3373.1580861037746,3208
60,12,20000,5005.4525071517855,3373.1580861037746,11048
60,15,100,3037.792006728671,3093.732164309806,17
60,15,200,4207.9371540712755,3203.865368902502,158
60,15,400,4535.778511123153,3215.0878221643848,274
60,15,1000,4810.582972116784,3318.562838341889,664
60,15,2500,4895.398204407341,3350.2967058287322,867
60,15,5000,4938.856353424263,3350.2967058287322,2871
60,15,10000,4927.783884111824,3350.2967058287322,5616
60,15,20000,4969.365436929483,3350.2967058287322,14976

Genetic Algorithm
---------------------------------
GA, crossover, mutation, num_iterations, avg, best, train_time
100,3,100,3831.1550719353204,3919.064710987325,31
100,3,200,5287.212195165494,4042.2783593765603,38
100,3,400,5773.2001290482995,4104.565405032752,145
100,3,1000,6009.82760743688,4139.697543185949,280
100,3,2500,6127.7219790575255,4216.640776381985,1117
100,3,5000,6125.979118823648,4216.640776381985,1294
100,3,10000,6229.839375610022,4216.640776381985,2531
100,3,20000,6267.39047102854,4220.71171213004,3892
100,6,100,3849.183209870844,3880.575073904573,17
100,6,200,5329.97687701803,4073.568696328217,41
100,6,400,5810.107943013089,4073.568696328217,94
100,6,1000,6098.293929931663,4200.245915903887,224
100,6,2500,6162.396875239548,4200.245915903887,665
100,6,5000,6234.804607525096,4206.981657886117,1052
100,6,10000,6273.814054324008,4206.981657886117,2199
100,6,20000,6291.956740843743,4207.884582997793,4804
100,9,100,3881.7450271865378,3916.113091555462,16
100,9,200,5271.781997638608,4038.7369109828855,41
100,9,400,5797.080684869408,4085.3698005039387,70
100,9,1000,6028.6388803271,4120.058479167984,181
100,9,2500,6168.35669896068,4243.4474447649645,762
100,9,5000,6248.563603429993,4243.4474447649645,1279
100,9,10000,6293.3671762148115,4251.934036857642,2378
100,9,20000,6301.838468093684,4251.934036857642,5512
100,12,100,3866.7222936999046,3892.751370425181,30
100,12,200,5227.411178840913,4095.3925090722914,36
100,12,400,5766.391576082059,4127.87783884961,101
100,12,1000,6068.0490068333065,4175.365009587352,233
100,12,2500,6189.007612206653,4175.365009587352,621
100,12,5000,6274.25959057262,4263.103010918591,2069
100,12,10000,6303.146379824993,4268.662060130765,2802
100,12,20000,6273.081337434982,4268.662060130765,4492
100,15,100,3944.088833699314,3966.495290869925,14
100,15,200,5280.151325249576,4031.7841066927494,35
100,15,400,5850.694709531945,4113.477115070041,83
100,15,1000,6047.293334401637,4159.32707197284,241
100,15,2500,6193.3843556576685,4207.43099352947,553
100,15,5000,6252.877380339384,4218.133346425105,1607
100,15,10000,6205.657100719527,4218.133346425105,3661
100,15,20000,6235.393310913314,4230.27772028215,7300
120,3,100,3933.6773166630724,3979.637811787123,23
120,3,200,5337.678433371965,4054.469331925177,46
120,3,400,5797.266845123063,4054.469331925177,95
120,3,1000,6036.985079522012,4119.539226060424,276
120,3,2500,6134.950358847441,4138.641932355115,738
120,3,5000,6202.963546249538,4181.021188702775,1215
120,3,10000,6282.732441925753,4273.935761777668,2570
120,3,20000,6291.8495360232455,4273.935761777668,3565
120,6,100,3914.207366141692,3938.7551453129245,356
120,6,200,5369.201985654785,4103.168208967338,32
120,6,400,5850.279188862062,4114.209646173566,64
120,6,1000,5958.723233156685,4114.209646173566,313
120,6,2500,6064.319209423222,4168.648613138552,898
120,6,5000,6182.889386499805,4226.6592647484,1944
120,6,10000,6272.572537718944,4272.163406250203,3116
120,6,20000,6294.6450076628325,4272.163406250203,5542
120,9,100,3797.1777739779227,3824.516114126314,16
120,9,200,5221.15076133128,3979.1794117711006,39
120,9,400,5764.778596114614,4060.1681033858004,320
120,9,1000,6021.742092610355,4123.251141236424,165
120,9,2500,6182.61774839671,4197.842550757575,617
120,9,5000,6237.0563220201975,4197.842550757575,1814
120,9,10000,6287.544163815255,4259.848785231632,2887
120,9,20000,6266.582201114058,4259.848785231632,11540
120,12,100,3898.1273541165588,3924.1101317478247,20
120,12,200,5310.481187435751,4028.6854049045487,39
120,12,400,5881.246946512812,4242.147761269497,87
120,12,1000,6057.113602164959,4242.147761269497,258
120,12,2500,6204.971810436983,4245.633213263884,768
120,12,5000,6178.851189870759,4245.633213263884,2657
120,12,10000,6244.187263354391,4246.77818521467,4285
120,12,20000,6244.454554367526,4246.77818521467,16345
120,15,100,3993.928519335772,4033.007625609069,102
120,15,200,5313.00642966949,4033.007625609069,163
120,15,400,5836.744115389932,4125.267514182344,311
120,15,1000,6133.110510263275,4226.073482331007,979
120,15,2500,6217.606142715445,4235.263209491996,2504
120,15,5000,6209.389118252041,4235.263209491996,3356
120,15,10000,6231.8148825303715,4235.263209491996,9179
120,15,20000,6249.209559748912,4235.263209491996,15046
140,3,100,3850.1806129486954,3932.799435480595,22
140,3,200,5316.730809030077,4057.4711179938995,54
140,3,400,5879.807314260237,4158.26553234172,221
140,3,1000,6058.4366300872025,4166.61132975132,232
140,3,2500,6136.615612100803,4177.455532341805,729
140,3,5000,6188.607001361704,4230.568903240571,1462
140,3,10000,6240.9272618327595,4230.568903240571,8596
140,3,20000,6262.078184803097,4230.568903240571,14483
140,6,100,3865.829129085438,3923.0664651847496,80
140,6,200,5385.831791835165,4135.545936885091,250
140,6,400,5813.398220308943,4135.545936885091,276
140,6,1000,6115.634903687357,4187.772555768083,690
140,6,2500,6181.6762341393105,4252.2956505268685,1104
140,6,5000,6249.000509158599,4252.2956505268685,1653
140,6,10000,6267.380329487704,4252.2956505268685,8331
140,6,20000,6262.427724516919,4252.2956505268685,13511
140,9,100,3930.610969578078,4019.997484081819,22
140,9,200,5308.7989113054955,4064.0190544007755,76
140,9,400,5842.60640970765,4098.562136176337,116
140,9,1000,6058.42323624184,4124.699403658024,388
140,9,2500,6182.348693053379,4211.3653094472675,1079
140,9,5000,6261.930853500609,4216.714800188601,3594
140,9,10000,6272.989069269781,4220.737138296286,7271
140,9,20000,6304.89241477363,4239.122702540899,15176
140,12,100,3891.777835572764,3935.6872566585735,27
140,12,200,5273.276750437631,4023.6678401106706,81
140,12,400,5753.663738070984,4060.049024361909,137
140,12,1000,6025.091475831068,4203.060613283314,369
140,12,2500,6193.123537142655,4210.327579701003,1326
140,12,5000,6217.53762314978,4210.327579701003,3480
140,12,10000,6262.422745980107,4210.327579701003,7379
140,12,20000,6239.5292315329425,4210.327579701003,13374
140,15,100,3958.5305493399846,4023.1033143949635,59
140,15,200,5344.280454702674,4144.915187716862,130
140,15,400,5793.058007322384,4144.915187716862,93
140,15,1000,6050.213236143459,4172.153436145296,230
140,15,2500,6153.07467579383,4220.024509340736,610
140,15,5000,6229.366129850142,4229.836298912769,1731
140,15,10000,6261.964460376316,4229.836298912769,3849
140,15,20000,6258.5271293869855,4229.836298912769,5102
160,3,100,3964.32702250626,3994.610656698477,29
160,3,200,5305.771841624689,4040.142131908042,59
160,3,400,5787.913093460786,4080.747967210814,108
160,3,1000,5982.183966483812,4080.747967210814,403
160,3,2500,6101.781957188322,4126.819774365588,689
160,3,5000,6217.536254220758,4233.216765507979,1351
160,3,10000,6318.162922506618,4307.58724032592,3212
160,3,20000,6311.448369429352,4307.58724032592,5289
160,6,100,3908.498181121105,3965.720131276579,51
160,6,200,5266.351250210082,4001.0503722589406,65
160,6,400,5843.707084166183,4121.150427334116,140
160,6,1000,6085.977762184454,4157.699946244306,227
160,6,2500,6189.978903608436,4257.974871614692,626
160,6,5000,6214.510087493504,4257.974871614692,2013
160,6,10000,6236.824513503402,4257.974871614692,3002
160,6,20000,6247.035997719559,4257.974871614692,5217
160,9,100,3852.853889141017,3900.7516221893466,26
160,9,200,5250.380808757199,4043.5618704784765,51
160,9,400,5829.097515513463,4128.232719634996,103
160,9,1000,6083.9470335174055,4165.002665645192,453
160,9,2500,6178.164868649856,4186.863283236119,1040
160,9,5000,6302.799314850822,4274.741932317413,2121
160,9,10000,6240.309036461465,4274.741932317413,2127
160,9,20000,6276.767498414901,4274.741932317413,4721
160,12,100,3919.9709186961004,3986.6696207460545,24
160,12,200,5319.586326654892,4036.1531888956783,41
160,12,400,5833.256685253683,4154.59159978789,104
160,12,1000,6132.9209470929045,4208.887617598212,213
160,12,2500,6184.208619422028,4208.887617598212,568
160,12,5000,6186.045559906881,4208.887617598212,1328
160,12,10000,6250.572682711595,4242.479152076998,2368
160,12,20000,6283.911229285802,4243.764979407729,5117
160,15,100,3962.6183070630323,4022.9778984701234,23
160,15,200,5288.100961431649,4026.984370211454,41
160,15,400,5854.430861553869,4120.250188718204,110
160,15,1000,6038.994157546419,4147.253962942932,241
160,15,2500,6124.068463356855,4147.253962942932,547
160,15,5000,6173.518449484266,4225.388609302161,1297
160,15,10000,6220.725307520942,4225.388609302161,2285
160,15,20000,6224.2406612169225,4225.388609302161,5728
180,3,100,3927.509886258207,3941.184078687084,21
180,3,200,5332.389822720236,4090.8767741246093,51
180,3,400,5782.182499165065,4090.8767741246093,90
180,3,1000,6020.987762103808,4145.237129528931,250
180,3,2500,6169.201028345036,4202.807480375583,613
180,3,5000,6131.999188574104,4202.807480375583,1252
180,3,10000,6229.532290633913,4216.052426281574,3136
180,3,20000,6257.719961850616,4232.739323868934,5308
180,6,100,3976.9305088234883,4001.8671195903526,22
180,6,200,5371.715500442167,4085.480831537768,42
180,6,400,5889.4927441707005,4141.874816981068,100
180,6,1000,6083.419796125472,4200.158477325323,254
180,6,2500,6178.487678391429,4200.158477325323,605
180,6,5000,6202.824516601377,4200.190494571982,1274
180,6,10000,6240.4731748401855,4200.190494571982,2526
180,6,20000,6293.657400541914,4233.742424395262,4736
180,9,100,3887.567335509288,3933.058984859491,23
180,9,200,5334.120217537081,4048.6659568240675,57
180,9,400,5856.712639615151,4165.3414398292025,104
180,9,1000,6134.04130652673,4259.250970059212,247
180,9,2500,6201.029462681749,4259.250970059212,821
180,9,5000,6205.226793053612,4259.250970059212,1662
180,9,10000,6261.873866698024,4259.250970059212,4491
180,9,20000,6290.652132632454,4259.250970059212,5435
180,12,100,3993.4318193521462,4032.891419176978,21
180,12,200,5374.663303243346,4068.492402318865,40
180,12,400,5775.371205874584,4068.492402318865,99
180,12,1000,6031.710754472468,4190.288201844277,247
180,12,2500,6172.436595429431,4190.288201844277,727
180,12,5000,6238.424457090116,4250.3498341347595,2112
180,12,10000,6236.13165991197,4250.3498341347595,3205
180,12,20000,6239.355947112362,4250.3498341347595,5307
180,15,100,3772.3548779577227,3885.70787997327,30
180,15,200,5305.275980918962,4113.061591118749,69
180,15,400,5825.353878859016,4113.061591118749,104
180,15,1000,6015.237294710758,4128.758917897854,289
180,15,2500,6155.651389687128,4175.109847431735,793
180,15,5000,6227.234439664452,4232.163827453798,1826
180,15,10000,6268.6197633654565,4232.163827453798,3256
180,15,20000,6233.408363407693,4232.163827453798,6158

MIMIC
---------------------------------
MI, samples, keep, num_iterations, avg,best, train_time
100,20,100,3810.53430768306,3845.54229827954,264
100,40,100,3852.237749769313,4007.031786166184,308
100,60,100,3797.7655103335633,3853.589268426004,432
100,80,100,3628.707612110185,3787.8798542097898,425
150,20,100,3865.975708381587,3879.389289612364,258
150,40,100,3966.5281424656714,4033.24646720189,305
150,60,100,3924.422105986343,3943.828759368727,365
150,80,100,3956.970125755715,4002.8154328097694,553
200,20,100,3906.9583970723784,3937.2170275903122,298
200,40,100,3975.763982392897,4053.5109163391576,325
200,60,100,3985.5211980586714,4044.11469614164,368
200,80,100,3992.2117135351714,4013.9788160763374,400
250,20,100,3935.660492576408,3977.409498627097,328
250,40,100,4006.189282965855,4043.59707163305,353
250,60,100,4030.3584473125716,4083.1156617249094,411
250,80,100,4062.4570980228805,4090.54622254318,431
100,20,200,3787.419992557023,3870.71632778716,446
100,40,200,3846.4139748877656,3839.881813636756,492
100,60,200,3798.4587775284817,3888.789122162385,597
100,80,200,3693.4927589417985,3763.194391710797,678
150,20,200,3914.189007486854,3951.950716313789,470
150,40,200,3928.405063317103,3975.4388875561085,616
150,60,200,4004.70070399544,4054.2638670968186,662
150,80,200,3912.5233149676155,3989.07876459693,756
200,20,200,3875.901795068816,3903.9712754033476,562
200,40,200,3991.659953186905,4046.114939564435,783
200,60,200,4025.6881072484734,4048.3442436619257,1035
200,80,200,3982.786078936652,4048.044614640324,1098
250,20,200,3955.5128854396335,3965.431379701847,770
250,40,200,3975.703061327489,4001.3258808104433,1161
250,60,200,4016.2431357170667,4071.5984568236904,788
250,80,200,4033.586997437856,4076.7249848381384,893
100,20,400,3755.868319017069,3829.429085798624,827
100,40,400,3788.0398478280263,3907.8599047565485,957
100,60,400,3865.3655230955505,3910.62750380061,1171
100,80,400,3667.9200466826965,3841.230726124669,1279
150,20,400,3906.548652185309,3931.5045730210973,949
150,40,400,3942.9452580216953,4030.1219809467307,1167
150,60,400,3946.4240889730045,3953.4079555599524,1298
150,80,400,3961.3524247410874,3997.2017211015877,1476
200,20,400,3837.9575736902425,3925.2789730728555,1345
200,40,400,3954.37529283291,4006.293112947132,1274
200,60,400,4032.041893693982,4059.865127163302,1795
200,80,400,4002.3235195873444,4070.936591607617,1649
250,20,400,3963.4571155443004,3999.3629184381875,1308
250,40,400,4000.7841371951545,4008.747943122574,1428
250,60,400,4084.94135913572,4101.802827490974,1597
250,80,400,4054.0098706317785,4095.138885741533,1712
100,20,1000,3911.080566979217,4006.792619735266,2390
100,40,1000,3909.3589408025655,3985.5207882179725,2504
100,60,1000,3890.260087342566,3915.5804785413907,3323
100,80,1000,3680.9041897982383,3739.3022857197634,3459
150,20,1000,3890.29327163521,3932.7186516545853,2485
150,40,1000,3898.9873483255046,3935.264094572026,2739
150,60,1000,4008.595230675063,4036.9861586359075,3501
150,80,1000,3970.383337235667,3990.927723742293,3667
200,20,1000,3968.9328290978706,4050.6879504258427,2760
200,40,1000,4003.7934832997485,4041.9114559565974,3081
200,60,1000,4048.637857596618,4084.296416549092,3458
200,80,1000,3934.8545618633907,3961.7840959094833,3950
250,20,1000,3927.1420980697426,3954.9585286257225,3405
250,40,1000,4009.4222570078564,4050.0119180233764,4023
250,60,1000,4045.2859924754207,4069.1365668132,4218
250,80,1000,4050.2093698387566,4083.229371115011,4809
100,20,2500,3910.722679443017,3931.473254847379,5845
100,40,2500,3889.986975163644,3918.125848724519,6623
100,60,2500,3807.0450090141726,3850.572286960762,7734
100,80,2500,3687.055772575502,3785.1005592378815,8885
150,20,2500,3987.2830823555705,4019.322591174917,6544
150,40,2500,3907.897074474442,3952.1755195270694,7505
150,60,2500,3970.925567107548,4056.2736415475633,8625
150,80,2500,3929.011873869236,3936.849413632662,9967
200,20,2500,3947.3992442833023,3980.3150090569457,7583
200,40,2500,3988.9412847910576,4024.3376325462723,8435
200,60,2500,3986.782641488336,4024.689014575962,9594
200,80,2500,4028.5956919642535,4067.653986552537,10829
250,20,2500,3976.6681427374283,3997.0261785896287,8531
250,40,2500,4046.1642904098917,4076.4651268284892,9677
250,60,2500,3996.1991427753455,4028.9996630897745,10660
250,80,2500,4074.102892418552,4096.924458221849,11722
100,20,5000,4010.594022102205,4043.9710659593543,11191
100,40,5000,3854.573727523906,3917.743015247905,13662
100,60,5000,3841.1041649717645,3856.1002533858114,15977
100,80,5000,3777.2846982156807,3866.206973979464,24918
150,20,5000,4020.082420263306,4044.1250658397435,16534
150,40,5000,3960.9971610510242,3983.2491627475133,17590
150,60,5000,3996.6175443613297,4019.867753385223,26958
150,80,5000,3959.649343054243,4045.3330340718258,81211
200,20,5000,4065.892491557807,4110.086617708148,15222
200,40,5000,3984.949714579294,3999.33187344952,46158
200,60,5000,4014.5764525497184,4081.122528776888,27640
200,80,5000,4040.1914492834167,4088.8401005948285,31600
250,20,5000,4102.5918130795235,4119.53582651585,62920
250,40,5000,4031.0115440144386,4062.453438973939,53383
250,60,5000,4017.663748580224,4069.3268871909286,53190
250,80,5000,4083.290872001932,4106.510359824356,57170
100,20,10000,4047.4706770042703,4077.9801159727663,32793
100,40,10000,3784.589349174319,3871.859846360622,28912
100,60,10000,3824.4761068586085,3856.4430921432163,37175
100,80,10000,3717.854087942556,3763.387846662632,38614
150,20,10000,4099.819775910276,4122.639602426107,27925
150,40,10000,3953.1963184656815,4049.566989723818,31100
150,60,10000,3987.6597659749555,4014.9532941245093,35842
150,80,10000,3886.672135342995,3918.490026207443,44687
200,20,10000,4109.233410802998,4128.866679517945,38857
200,40,10000,3965.393459826435,4008.982579955784,59393
200,60,10000,4000.316781362162,4027.8285807318484,56480
200,80,10000,3998.941167496396,4033.9509859403056,49684