Simulated Annealing
---------------------------------
SA: initial_temp, cooling_rate, num_iterations, avg, best, train_time
1.0E9,0.8,100,84.66666666666667,90.0,7
1.0E9,0.8,200,145.22222222222223,119.0,3
1.0E9,0.8,400,209.74074074074073,171.0,1
1.0E9,0.8,1000,263.91358024691357,194.0,2
1.0E9,0.8,2500,285.97119341563786,198.0,4
1.0E9,0.8,5000,293.32373113854595,198.0,12
1.0E9,0.8,10000,295.774577046182,198.0,19
1.0E9,0.8,20000,296.59152568206065,198.0,53
1.0E9,0.9,100,90.0,102.0,1
1.0E9,0.9,200,112.66666666666667,102.0,0
1.0E9,0.9,400,168.88888888888889,143.0,0
1.0E9,0.9,1000,248.2962962962963,194.0,2
1.0E9,0.9,2500,280.7654320987654,198.0,9
1.0E9,0.9,5000,291.5884773662551,198.0,7
1.0E9,0.9,10000,295.196159122085,198.0,19
1.0E9,0.9,20000,296.39871970736164,198.0,52
1.0E9,0.95,100,90.33333333333333,107.0,0
1.0E9,0.95,200,114.77777777777777,107.0,0
1.0E9,0.95,400,121.5925925925926,107.0,1
1.0E9,0.95,1000,227.19753086419755,192.0,1
1.0E9,0.95,2500,273.73251028806584,198.0,3
1.0E9,0.95,5000,289.24417009602195,198.0,14
1.0E9,0.95,10000,294.41472336534065,198.0,23
1.0E9,0.95,20000,296.13824112178025,198.0,39
1.0E9,0.99,100,88.33333333333333,98.0,0
1.0E9,0.99,200,113.77777777777777,98.0,0
1.0E9,0.99,400,128.92592592592592,98.0,1
1.0E9,0.99,1000,130.30864197530863,98.0,2
1.0E9,0.99,2500,127.43621399176955,98.0,3
1.0E9,0.99,5000,240.47873799725653,198.0,7
1.0E9,0.99,10000,278.15957933241884,198.0,47
1.0E9,0.99,20000,290.71985977747295,198.0,59
1.0E10,0.8,100,85.66666666666667,99.0,1
1.0E10,0.8,200,142.88888888888889,118.0,0
1.0E10,0.8,400,209.2962962962963,172.0,0
1.0E10,0.8,1000,261.7654320987654,192.0,1
1.0E10,0.8,2500,285.2551440329218,198.0,6
1.0E10,0.8,5000,293.08504801097394,198.0,12
1.0E10,0.8,10000,295.69501600365794,198.0,35
1.0E10,0.8,20000,296.5650053345526,198.0,72
1.0E10,0.9,100,101.33333333333333,118.0,0
1.0E10,0.9,200,131.11111111111111,118.0,1
1.0E10,0.9,400,179.7037037037037,147.0,0
1.0E10,0.9,1000,255.23456790123456,196.0,1
1.0E10,0.9,2500,283.0781893004115,198.0,4
1.0E10,0.9,5000,292.3593964334705,198.0,8
1.0E10,0.9,10000,295.45313214449016,198.0,14
1.0E10,0.9,20000,296.4843773814967,198.0,87
1.0E10,0.95,100,89.33333333333333,93.0,0
1.0E10,0.95,200,116.1111111111111,93.0,0
1.0E10,0.95,400,135.7037037037037,105.0,0
1.0E10,0.95,1000,230.5679012345679,194.0,1
1.0E10,0.95,2500,274.8559670781893,198.0,3
1.0E10,0.95,5000,289.61865569272976,198.0,9
1.0E10,0.95,10000,294.5395518975766,198.0,28
1.0E10,0.95,20000,296.17985063252553,198.0,109
1.0E10,0.99,100,96.0,106.0,0
1.0E10,0.99,200,123.33333333333333,106.0,3
1.0E10,0.99,400,128.77777777777777,106.0,1
1.0E10,0.99,1000,129.25925925925927,106.0,2
1.0E10,0.99,2500,131.41975308641975,106.0,6
1.0E10,0.99,5000,241.80658436213992,198.0,7
1.0E10,0.99,10000,278.60219478738,198.0,27
1.0E10,0.99,20000,290.86739826246,198.0,32
1.0E11,0.8,100,84.33333333333333,88.0,0
1.0E11,0.8,200,155.11111111111111,145.0,0
1.0E11,0.8,400,212.37037037037035,164.0,0
1.0E11,0.8,1000,260.12345679012344,196.0,1
1.0E11,0.8,2500,284.7078189300411,198.0,8
1.0E11,0.8,5000,292.9026063100137,198.0,7
1.0E11,0.8,10000,295.6342021033379,198.0,32
1.0E11,0.8,20000,296.544734034446,198.0,58
1.0E11,0.9,100,87.66666666666667,89.0,0
1.0E11,0.9,200,116.8888888888889,100.0,0
1.0E11,0.9,400,170.96296296296296,139.0,1
1.0E11,0.9,1000,246.320987654321,196.0,2
1.0E11,0.9,2500,280.10699588477365,198.0,4
1.0E11,0.9,5000,291.3689986282579,198.0,31
1.0E11,0.9,10000,295.12299954275267,198.0,15
1.0E11,0.9,20000,296.3743331809176,198.0,59
1.0E11,0.95,100,89.33333333333333,99.0,0
1.0E11,0.95,200,125.1111111111111,103.0,0
1.0E11,0.95,400,125.7037037037037,103.0,1
1.0E11,0.95,1000,221.5679012345679,182.0,1
1.0E11,0.95,2500,271.8559670781893,198.0,3
1.0E11,0.95,5000,288.61865569272976,198.0,14
1.0E11,0.95,10000,294.2062185642433,198.0,19
1.0E11,0.95,20000,296.06873952141444,198.0,51
1.0E11,0.99,100,97.66666666666667,102.0,1
1.0E11,0.99,200,119.55555555555556,102.0,0
1.0E11,0.99,400,132.1851851851852,102.0,1
1.0E11,0.99,1000,139.39506172839506,114.0,1
1.0E11,0.99,2500,127.798353909465,114.0,2
1.0E11,0.99,5000,239.93278463648835,198.0,9
1.0E11,0.99,10000,277.97759487882945,198.0,26
1.0E11,0.99,20000,290.65919829294313,198.0,42
1.0E12,0.8,100,92.33333333333333,97.0,0
1.0E12,0.8,200,155.44444444444443,126.0,1
1.0E12,0.8,400,208.4814814814815,160.0,0
1.0E12,0.8,1000,265.4938271604938,196.0,1
1.0E12,0.8,2500,286.49794238683126,198.0,6
1.0E12,0.8,5000,293.49931412894375,198.0,12
1.0E12,0.8,10000,295.8331047096479,198.0,22
1.0E12,0.8,20000,296.61103490321597,198.0,53
1.0E12,0.9,100,84.33333333333333,97.0,0
1.0E12,0.9,200,109.77777777777777,97.0,0
1.0E12,0.9,400,175.25925925925927,146.0,0
1.0E12,0.9,1000,248.41975308641975,192.0,1
1.0E12,0.9,2500,280.8065843621399,198.0,8
1.0E12,0.9,5000,291.60219478738,198.0,8
1.0E12,0.9,10000,295.20073159579334,198.0,20
1.0E12,0.9,20000,296.40024386526443,198.0,41
1.0E12,0.95,100,90.66666666666667,102.0,0
1.0E12,0.95,200,112.22222222222223,102.0,0
1.0E12,0.95,400,120.4074074074074,102.0,0
1.0E12,0.95,1000,223.1358024691358,189.0,1
1.0E12,0.95,2500,272.37860082304525,198.0,3
1.0E12,0.95,5000,288.79286694101506,198.0,11
1.0E12,0.95,10000,294.26428898033834,198.0,14
1.0E12,0.95,20000,296.0880963267794,198.0,43
1.0E12,0.99,100,89.66666666666667,97.0,0
1.0E12,0.99,200,116.22222222222223,97.0,0
1.0E12,0.99,400,121.07407407407408,97.0,1
1.0E12,0.99,1000,130.69135802469137,99.0,8
1.0E12,0.99,2500,131.23045267489712,99.0,3
1.0E12,0.99,5000,241.74348422496573,198.0,6
1.0E12,0.99,10000,278.5811614083219,198.0,30
1.0E12,0.99,20000,290.8603871361073,198.0,27
1.0E13,0.8,100,79.33333333333333,87.0,0
1.0E13,0.8,200,149.77777777777777,129.0,0
1.0E13,0.8,400,215.5925925925926,173.0,1
1.0E13,0.8,1000,267.8641975308642,198.0,3
1.0E13,0.8,2500,287.2880658436214,198.0,5
1.0E13,0.8,5000,293.7626886145404,198.0,17
1.0E13,0.8,10000,295.92089620484677,198.0,23
1.0E13,0.8,20000,296.6402987349489,198.0,97
1.0E13,0.9,100,97.33333333333333,102.0,1
1.0E13,0.9,200,119.1111111111111,102.0,1
1.0E13,0.9,400,178.7037037037037,143.0,2
1.0E13,0.9,1000,250.90123456790124,196.0,1
1.0E13,0.9,2500,281.6337448559671,198.0,10
1.0E13,0.9,5000,291.877914951989,198.0,7
1.0E13,0.9,10000,295.29263831732965,198.0,48
1.0E13,0.9,20000,296.4308794391099,198.0,57
1.0E13,0.95,100,88.0,91.0,0
1.0E13,0.95,200,116.66666666666667,93.0,1
1.0E13,0.95,400,127.22222222222223,102.0,0
1.0E13,0.95,1000,222.4074074074074,184.0,1
1.0E13,0.95,2500,272.1358024691358,198.0,3
1.0E13,0.95,5000,288.7119341563786,198.0,6
1.0E13,0.95,10000,294.2373113854596,198.0,20
1.0E13,0.95,20000,296.07910379515323,198.0,47
1.0E13,0.99,100,85.66666666666667,88.0,0
1.0E13,0.99,200,119.22222222222223,92.0,0
1.0E13,0.99,400,127.4074074074074,92.0,0
1.0E13,0.99,1000,129.46913580246914,96.0,1
1.0E13,0.99,2500,140.4897119341564,99.0,4
1.0E13,0.99,5000,244.82990397805213,198.0,6
1.0E13,0.99,10000,279.60996799268406,198.0,18
1.0E13,0.99,20000,291.203322664228,198.0,42

Genetic Algorithm
---------------------------------
GA, crossover, mutation, num_iterations, avg, best, train_time
10,3,100,131.33333333333334,133.0,20
10,3,200,179.11111111111111,141.0,47
10,3,400,191.37037037037035,143.0,114
10,3,1000,224.45679012345678,169.0,143
10,3,2500,249.48559670781893,179.0,362
10,3,5000,262.82853223593963,186.0,726
10,3,10000,276.60951074531323,192.0,1637
10,3,20000,284.53650358177106,196.0,2861
10,6,100,125.0,128.0,18
10,6,200,182.66666666666666,145.0,32
10,6,400,215.2222222222222,164.0,55
10,6,1000,231.74074074074073,170.0,144
10,6,2500,253.9135802469136,179.0,357
10,6,5000,272.3045267489712,190.0,710
10,6,10000,281.4348422496571,198.0,1418
10,6,20000,285.4782807498857,198.0,2855
10,9,100,132.33333333333334,138.0,14
10,9,200,186.11111111111111,149.0,29
10,9,400,209.7037037037037,161.0,60
10,9,1000,239.23456790123456,176.0,143
10,9,2500,266.4115226337448,194.0,358
10,9,5000,280.1371742112483,194.0,706
10,9,10000,285.04572473708276,194.0,1560
10,9,20000,289.6819082456943,196.0,2943
10,12,100,131.33333333333334,134.0,17
10,12,200,184.44444444444446,144.0,33
10,12,400,205.14814814814815,146.0,64
10,12,1000,235.0493827160494,173.0,157
10,12,2500,262.34979423868316,188.0,387
10,12,5000,277.78326474622776,193.0,704
10,12,10000,283.92775491540925,194.0,1454
10,12,20000,285.30925163846973,196.0,2898
10,15,100,133.33333333333334,137.0,15
10,15,200,189.44444444444446,150.0,28
10,15,400,220.4814814814815,159.0,60
10,15,1000,242.82716049382717,172.0,160
10,15,2500,267.6090534979424,189.0,366
10,15,5000,276.53635116598076,190.0,725
10,15,10000,279.5121170553269,194.0,1489
10,15,20000,283.50403901844226,194.0,2946
20,3,100,139.33333333333334,147.0,19
20,3,200,189.11111111111111,151.0,39
20,3,400,232.03703703703704,173.0,73
20,3,1000,239.679012345679,173.0,177
20,3,2500,250.22633744855966,176.0,452
20,3,5000,269.4087791495199,194.0,877
20,3,10000,278.46959304983994,194.0,1771
20,3,20000,289.48986434994663,198.0,3504
20,6,100,141.66666666666666,147.0,20
20,6,200,191.2222222222222,147.0,41
20,6,400,223.74074074074073,164.0,75
20,6,1000,251.2469135802469,181.0,188
20,6,2500,263.08230452674894,190.0,462
20,6,5000,279.36076817558296,194.0,916
20,6,10000,287.1202560585277,196.0,1779
20,6,20000,289.0400853528426,198.0,3592
20,9,100,140.0,142.0,20
20,9,200,193.33333333333334,147.0,39
20,9,400,225.44444444444446,167.0,76
20,9,1000,251.14814814814815,180.0,186
20,9,2500,266.04938271604937,187.0,442
20,9,5000,281.34979423868316,194.0,902
20,9,10000,285.4499314128944,194.0,1829
20,9,20000,289.8166438042981,196.0,3618
20,12,100,133.66666666666666,135.0,19
20,12,200,199.88888888888889,160.0,39
20,12,400,226.96296296296296,169.0,78
20,12,1000,251.98765432098764,177.0,181
20,12,2500,273.6625514403292,194.0,466
20,12,5000,277.8875171467764,194.0,903
20,12,10000,284.96250571559216,195.0,1810
20,12,20000,289.9875019051974,196.0,3648
20,15,100,134.33333333333334,141.0,21
20,15,200,188.7777777777778,145.0,44
20,15,400,228.5925925925926,168.0,78
20,15,1000,255.19753086419755,184.0,188
20,15,2500,273.3991769547325,192.0,481
20,15,5000,283.7997256515775,194.0,1009
20,15,10000,283.9332418838592,194.0,1904
20,15,20000,288.97774729461975,198.0,3678
30,3,100,138.33333333333334,140.0,21
30,3,200,198.7777777777778,158.0,48
30,3,400,238.5925925925926,181.0,87
30,3,1000,245.8641975308642,181.0,209
30,3,2500,263.62139917695475,192.0,545
30,3,5000,275.8737997256516,192.0,1071
30,3,10000,281.2912665752172,195.0,2173
30,3,20000,286.0970888584057,195.0,4386
30,6,100,140.66666666666666,144.0,24
30,6,200,206.55555555555554,166.0,46
30,6,400,241.1851851851852,174.0,97
30,6,1000,255.06172839506175,179.0,227
30,6,2500,272.6872427983539,190.0,549
30,6,5000,284.56241426611797,196.0,1079
30,6,10000,286.85413808870595,196.0,2165
30,6,20000,289.61804602956863,196.0,4372
30,9,100,148.66666666666666,153.0,25
30,9,200,211.2222222222222,163.0,45
30,9,400,243.07407407407405,175.0,80
30,9,1000,258.358024691358,187.0,236
30,9,2500,272.78600823045264,190.0,541
30,9,5000,286.92866941015086,198.0,1141
30,9,10000,287.64288980338364,198.0,2181
30,9,20000,288.8809632677946,198.0,4441
30,12,100,141.66666666666666,147.0,26
30,12,200,206.55555555555554,163.0,47
30,12,400,243.5185185185185,177.0,98
30,12,1000,263.8395061728395,186.0,228
30,12,2500,275.94650205761315,189.0,539
30,12,5000,282.64883401920434,193.0,1127
30,12,10000,286.5496113397348,194.0,2228
30,12,20000,285.51653711324496,194.0,4517
30,15,100,134.66666666666666,140.0,26
30,15,200,201.88888888888889,159.0,47
30,15,400,237.62962962962965,171.0,98
30,15,1000,261.87654320987656,185.0,234
30,15,2500,278.6255144032922,195.0,576
30,15,5000,281.54183813443075,195.0,1135
30,15,10000,289.1806127114769,198.0,2319
30,15,20000,288.3935375704923,198.0,4535
40,3,100,139.66666666666666,154.0,31
40,3,200,207.2222222222222,164.0,57
40,3,400,238.74074074074073,175.0,112
40,3,1000,259.91358024691357,187.0,259
40,3,2500,269.3045267489712,187.0,663
40,3,5000,277.1015089163238,191.0,1266
40,3,10000,283.0338363054413,196.0,2598
40,3,20000,287.01127876848045,196.0,5052
40,6,100,143.33333333333334,152.0,34
40,6,200,211.44444444444446,164.0,57
40,6,400,246.14814814814815,177.0,109
40,6,1000,263.38271604938274,186.0,265
40,6,2500,277.79423868312756,192.0,668
40,6,5000,285.26474622770917,194.0,1279
40,6,10000,290.421582075903,198.0,2622
40,6,20000,291.1405273586343,198.0,5268
40,9,100,145.66666666666666,151.0,31
40,9,200,210.2222222222222,163.0,60
40,9,400,245.07407407407405,183.0,106
40,9,1000,264.69135802469134,188.0,275
40,9,2500,277.2304526748971,192.0,683
40,9,5000,283.07681755829907,194.0,1283
40,9,10000,288.3589391860997,195.0,2626
40,9,20000,291.45297972869986,196.0,5260
40,12,100,143.33333333333334,149.0,29
40,12,200,208.11111111111111,168.0,58
40,12,400,243.03703703703704,179.0,109
40,12,1000,263.01234567901236,186.0,267
40,12,2500,282.00411522633743,196.0,657
40,12,5000,284.6680384087792,196.0,1325
40,12,10000,284.88934613625975,196.0,2631
40,12,20000,289.6297820454199,196.0,5305
40,15,100,143.33333333333334,152.0,29
40,15,200,207.7777777777778,164.0,65
40,15,400,243.5925925925926,179.0,111
40,15,1000,265.1975308641975,188.0,269
40,15,2500,280.73251028806584,196.0,684
40,15,5000,284.24417009602195,196.0,1303
40,15,10000,286.74805669867396,196.0,2668
40,15,20000,285.58268556622465,196.0,5275
50,3,100,145.66666666666666,149.0,36
50,3,200,214.55555555555554,169.0,60
50,3,400,242.1851851851852,173.0,125
50,3,1000,265.7283950617284,189.0,307
50,3,2500,268.24279835390945,189.0,729
50,3,5000,277.4142661179698,190.0,1500
50,3,10000,286.80475537265664,196.0,2922
50,3,20000,289.2682517908856,198.0,5949
50,6,100,144.33333333333334,149.0,34
50,6,200,208.44444444444446,165.0,76
50,6,400,242.14814814814815,180.0,133
50,6,1000,263.71604938271605,184.0,305
50,6,2500,277.9053497942387,192.0,739
50,6,5000,286.30178326474623,196.0,1520
50,6,10000,289.43392775491543,198.0,2996
50,6,20000,292.1446425849718,198.0,5964
50,9,100,148.33333333333334,155.0,36
50,9,200,208.11111111111111,163.0,68
50,9,400,239.03703703703704,176.0,127
50,9,1000,263.67901234567904,189.0,304
50,9,2500,279.559670781893,196.0,767
50,9,5000,287.519890260631,196.0,1523
50,9,10000,289.506630086877,198.0,3014
50,9,20000,291.16887669562567,198.0,6001
50,12,100,142.66666666666666,147.0,35
50,12,200,209.88888888888889,168.0,66
50,12,400,243.96296296296296,179.0,140
50,12,1000,265.98765432098764,188.0,315
50,12,2500,279.99588477366257,194.0,757
50,12,5000,281.3319615912208,194.0,1531
50,12,10000,287.77732053040694,198.0,3097
50,12,20000,288.5924401768023,198.0,6136
50,15,100,141.66666666666666,145.0,36
50,15,200,210.2222222222222,169.0,62
50,15,400,247.07407407407405,180.0,134
50,15,1000,270.358024691358,192.0,312
50,15,2500,281.119341563786,194.0,772
50,15,5000,286.3731138545954,194.0,1512
50,15,10000,290.4577046181985,196.0,3044
50,15,20000,291.8192348727328,196.0,6177
60,3,100,140.0,144.0,40
60,3,200,215.0,170.0,74
60,3,400,244.33333333333334,177.0,140
60,3,1000,264.44444444444446,188.0,347
60,3,2500,271.14814814814815,188.0,832
60,3,5000,281.04938271604937,192.0,1668
60,3,10000,287.34979423868316,194.0,3336
60,3,20000,290.78326474622776,198.0,6793
60,6,100,141.0,146.0,37
60,6,200,210.0,169.0,74
60,6,400,245.33333333333334,185.0,137
60,6,1000,267.77777777777777,188.0,344
60,6,2500,277.5925925925926,192.0,873
60,6,5000,283.1975308641975,192.0,1675
60,6,10000,287.73251028806584,196.0,3466
60,6,20000,291.91083676268863,198.0,6842
60,9,100,141.0,155.0,41
60,9,200,210.66666666666666,167.0,79
60,9,400,241.88888888888889,174.0,148
60,9,1000,267.2962962962963,188.0,356
60,9,2500,279.0987654320988,191.0,849
60,9,5000,286.69958847736626,195.0,1732
60,9,10000,290.2331961591221,196.0,3429
60,9,20000,290.07773205304073,196.0,6981
60,12,100,144.0,145.0,35
60,12,200,212.66666666666666,168.0,72
60,12,400,249.88888888888889,182.0,147
60,12,1000,269.962962962963,188.0,344
60,12,2500,282.320987654321,196.0,895
60,12,5000,290.77366255144034,198.0,1718
60,12,10000,290.2578875171468,198.0,3481
60,12,20000,290.7526291723823,198.0,6927
60,15,100,143.66666666666666,149.0,44
60,15,200,205.2222222222222,166.0,82
60,15,400,245.07407407407405,184.0,152
60,15,1000,270.358024691358,192.0,359
60,15,2500,281.119341563786,196.0,860
60,15,5000,289.039780521262,198.0,1795
60,15,10000,290.67992684042065,198.0,3488
60,15,20000,290.55997561347357,198.0,7088

Genetic Algorithm
---------------------------------
GA, crossover, mutation, num_iterations, avg, best, train_time
100,3,100,143.0,147.0,126
100,3,200,210.33333333333334,166.0,235
100,3,400,246.44444444444446,182.0,356
100,3,1000,260.48148148148147,182.0,731
100,3,2500,271.4938271604938,188.0,2018
100,3,5000,278.49794238683126,192.0,3742
100,3,10000,285.83264746227707,196.0,7671
100,3,20000,289.944215820759,198.0,16105
100,6,100,135.66666666666666,137.0,63
100,6,200,212.2222222222222,170.0,152
100,6,400,248.74074074074073,182.0,337
100,6,1000,266.91358024691357,186.0,789
100,6,2500,276.63786008230454,194.0,1920
100,6,5000,288.21262002743487,196.0,4112
100,6,10000,288.737540009145,196.0,7283
100,6,20000,291.91251333638166,198.0,16576
100,9,100,135.33333333333334,143.0,76
100,9,200,217.44444444444446,179.0,166
100,9,400,251.8148148148148,184.0,344
100,9,1000,272.2716049382716,194.0,918
100,9,2500,281.75720164609055,194.0,2171
100,9,5000,286.5857338820302,196.0,5016
100,9,10000,289.86191129401004,198.0,9119
100,9,20000,290.62063709800333,198.0,16835
100,12,100,142.66666666666666,148.0,130
100,12,200,211.55555555555554,168.0,212
100,12,400,251.85185185185185,186.0,347
100,12,1000,271.28395061728395,191.0,914
100,12,2500,280.761316872428,198.0,2597
100,12,5000,285.5871056241427,198.0,4535
100,12,10000,288.52903520804756,198.0,8850
100,12,20000,287.84301173601585,198.0,18063
100,15,100,143.66666666666666,150.0,67
100,15,200,209.55555555555554,165.0,179
100,15,400,248.85185185185185,182.0,357
100,15,1000,271.95061728395063,193.0,964
100,15,2500,282.3168724279835,194.0,1959
100,15,5000,288.10562414266116,198.0,4300
100,15,10000,291.70187471422037,198.0,8674
100,15,20000,290.23395823807346,198.0,18415
120,3,100,144.66666666666666,150.0,165
120,3,200,212.2222222222222,168.0,343
120,3,400,246.4074074074074,177.0,829
120,3,1000,267.1358024691358,188.0,1290
120,3,2500,277.37860082304525,192.0,6153
120,3,5000,283.79286694101506,193.0,4892
120,3,10000,289.26428898033834,198.0,7761
120,3,20000,291.7547629934461,198.0,18586
120,6,100,138.0,142.0,253
120,6,200,204.66666666666666,165.0,493
120,6,400,248.55555555555554,184.0,772
120,6,1000,270.85185185185185,191.0,1131
120,6,2500,279.28395061728395,192.0,2375
120,6,5000,284.761316872428,194.0,4073
120,6,10000,291.2537722908093,198.0,9361
120,6,20000,292.4179240969365,198.0,20815
120,9,100,142.0,149.0,81
120,9,200,214.33333333333334,168.0,253
120,9,400,251.7777777777778,187.0,1072
120,9,1000,269.5925925925926,190.0,1503
120,9,2500,283.5308641975309,194.0,5617
120,9,5000,286.843621399177,196.0,5827
120,9,10000,290.94787379972564,198.0,15885
120,9,20000,291.98262459990855,198.0,23227
120,12,100,139.33333333333334,144.0,113
120,12,200,207.7777777777778,168.0,311
120,12,400,249.5925925925926,184.0,988
120,12,1000,268.8641975308642,192.0,2105
120,12,2500,285.62139917695475,198.0,7562
120,12,5000,288.20713305898494,198.0,16726
120,12,10000,292.4023776863283,198.0,33627
120,12,20000,292.8007925621094,198.0,53721
120,15,100,142.0,144.0,330
120,15,200,210.66666666666666,168.0,554
120,15,400,250.2222222222222,182.0,1265
120,15,1000,272.7407407407407,192.0,2704
120,15,2500,280.2469135802469,195.0,6841
120,15,5000,286.08230452674894,196.0,15236
120,15,10000,287.36076817558296,196.0,13873
120,15,20000,289.453589391861,196.0,20814
140,3,100,140.33333333333334,142.0,117
140,3,200,214.7777777777778,171.0,200
140,3,400,254.5925925925926,186.0,876
140,3,1000,268.1975308641975,187.0,2195
140,3,2500,273.06584362139915,188.0,3439
140,3,5000,281.35528120713303,192.0,6788
140,3,10000,286.11842706904434,195.0,8563
140,3,20000,289.3728090230148,196.0,17562
140,6,100,140.0,143.0,98
140,6,200,214.66666666666666,176.0,213
140,6,400,251.55555555555554,183.0,1402
140,6,1000,268.18518518518516,188.0,909
140,6,2500,277.7283950617284,189.0,2373
140,6,5000,287.90946502057614,196.0,4704
140,6,10000,291.30315500685873,198.0,8620
140,6,20000,292.43438500228626,198.0,20547
140,9,100,141.66666666666666,143.0,91
140,9,200,210.55555555555554,165.0,273
140,9,400,251.1851851851852,189.0,435
140,9,1000,272.0617283950617,192.0,1041
140,9,2500,281.0205761316872,192.0,3630
140,9,5000,288.67352537722905,196.0,5223
140,9,10000,289.891175125743,196.0,11621
140,9,20000,289.96372504191436,196.0,16645
140,12,100,145.33333333333334,153.0,103
140,12,200,213.7777777777778,167.0,207
140,12,400,246.5925925925926,181.0,424
140,12,1000,270.8641975308642,190.0,841
140,12,2500,283.95473251028807,195.0,2024
140,12,5000,292.318244170096,198.0,4788
140,12,10000,289.7727480566987,198.0,8530
140,12,20000,290.9242493522329,198.0,16998
140,15,100,139.33333333333334,143.0,111
140,15,200,210.44444444444446,173.0,209
140,15,400,251.14814814814815,183.0,421
140,15,1000,271.04938271604937,194.0,881
140,15,2500,284.0164609053498,196.0,2040
140,15,5000,286.67215363511656,196.0,3957
140,15,10000,289.2240512117055,196.0,8308
140,15,20000,289.74135040390183,196.0,18848
160,3,100,145.33333333333334,146.0,89
160,3,200,213.7777777777778,174.0,196
160,3,400,251.92592592592595,186.0,394
160,3,1000,269.97530864197535,193.0,1019
160,3,2500,276.9917695473251,193.0,2621
160,3,5000,282.3305898491083,194.0,5180
160,3,10000,288.7768632830361,196.0,9470
160,3,20000,290.2589544276787,196.0,20293
160,6,100,146.0,154.0,141
160,6,200,213.0,169.0,259
160,6,400,252.0,185.0,444
160,6,1000,271.3333333333333,192.0,930
160,6,2500,282.77777777777777,196.0,2274
160,6,5000,290.5925925925926,198.0,4940
160,6,10000,293.5308641975309,198.0,9321
160,6,20000,292.51028806584367,198.0,19611
160,9,100,136.33333333333334,141.0,108
160,9,200,210.7777777777778,169.0,210
160,9,400,245.92592592592595,178.0,399
160,9,1000,269.641975308642,192.0,1011
160,9,2500,283.880658436214,196.0,2360
160,9,5000,284.960219478738,196.0,4921
160,9,10000,292.32007315957935,198.0,10119
160,9,20000,294.1066910531931,198.0,20695
160,12,100,134.66666666666666,139.0,163
160,12,200,212.2222222222222,168.0,228
160,12,400,247.07407407407405,182.0,428
160,12,1000,267.69135802469134,188.0,1105
160,12,2500,280.56378600823047,198.0,2638
160,12,5000,288.18792866941016,198.0,5205
160,12,10000,292.72930955647007,198.0,10729
160,12,20000,289.57643651882336,198.0,22872
160,15,100,139.0,141.0,132
160,15,200,209.0,169.0,269
160,15,400,248.0,185.0,550
160,15,1000,272.0,192.0,1214
160,15,2500,284.3333333333333,196.0,2793
160,15,5000,286.77777777777777,196.0,5468
160,15,10000,290.5925925925926,198.0,11000
160,15,20000,292.1975308641975,198.0,20657
180,3,100,146.0,155.0,132
180,3,200,213.33333333333334,170.0,266
180,3,400,246.7777777777778,179.0,470
180,3,1000,265.5925925925926,186.0,1144
180,3,2500,279.8641975308642,194.0,2820
180,3,5000,284.62139917695475,194.0,5863
180,3,10000,285.20713305898494,194.0,10955
180,3,20000,291.069044352995,196.0,22340
180,6,100,138.33333333333334,142.0,109
180,6,200,213.11111111111111,176.0,223
180,6,400,254.7037037037037,187.0,495
180,6,1000,271.9012345679012,192.0,1113
180,6,2500,279.96707818930037,195.0,2806
180,6,5000,287.9890260631001,196.0,5566
180,6,10000,289.99634202103334,196.0,10866
180,6,20000,288.66544734034443,196.0,22550
180,9,100,141.66666666666666,144.0,132
180,9,200,211.88888888888889,171.0,252
180,9,400,248.96296296296296,183.0,486
180,9,1000,271.32098765432096,192.0,1178
180,9,2500,285.10699588477365,198.0,3215
180,9,5000,289.0356652949245,198.0,5675
180,9,10000,289.01188843164147,198.0,11809
180,9,20000,290.33729614388045,198.0,23604
180,12,100,143.33333333333334,147.0,139
180,12,200,213.11111111111111,171.0,271
180,12,400,253.03703703703704,184.0,509
180,12,1000,271.01234567901236,188.0,1404
180,12,2500,282.00411522633743,196.0,2901
180,12,5000,290.6680384087792,198.0,5732
180,12,10000,290.88934613625975,198.0,11855
180,12,20000,293.6297820454199,198.0,21996
180,15,100,143.0,145.0,116
180,15,200,214.0,173.0,241
180,15,400,250.0,184.0,467
180,15,1000,272.6666666666667,192.0,1125
180,15,2500,282.5555555555556,193.0,3140
180,15,5000,288.51851851851853,196.0,5378
180,15,10000,290.5061728395062,196.0,10603
180,15,20000,292.16872427983543,198.0,25614


MIMIC
---------------------------------
MI, samples, keep, num_iterations, avg,best, train_time
100,20,100,190.0,190.0,4717
100,40,100,186.66666666666666,189.0,4619
100,60,100,180.66666666666666,183.0,5916
100,80,100,170.66666666666666,177.0,7399
150,20,100,194.0,196.0,3616
150,40,100,190.66666666666666,193.0,4645
150,60,100,190.0,194.0,6732
150,80,100,192.0,194.0,7270
200,20,100,195.0,196.0,4292
200,40,100,190.0,190.0,5061
200,60,100,191.66666666666666,194.0,5992
200,80,100,195.33333333333334,196.0,8233
250,20,100,196.66666666666666,198.0,4208
250,40,100,194.66666666666666,196.0,5589
250,60,100,194.66666666666666,198.0,6138
250,80,100,196.66666666666666,198.0,7983
100,20,200,196.0,196.0,7017
100,40,200,188.0,188.0,8686
100,60,200,187.0,188.0,13056
100,80,200,171.33333333333334,175.0,15564
150,20,200,194.66666666666666,196.0,7884
150,40,200,191.33333333333334,192.0,9877
150,60,200,190.33333333333334,193.0,12270
150,80,200,187.0,191.0,15367
200,20,200,197.33333333333334,198.0,8213
200,40,200,194.33333333333334,196.0,11795
200,60,200,194.0,196.0,12539
200,80,200,194.33333333333334,196.0,15417
250,20,200,197.33333333333334,198.0,8757
250,40,200,194.0,196.0,10560
250,60,200,196.0,198.0,12813
250,80,200,196.33333333333334,198.0,15526
100,20,400,198.0,198.0,14905
100,40,400,187.33333333333334,190.0,31639
100,60,400,187.33333333333334,188.0,30879
100,80,400,174.33333333333334,175.0,40042
150,20,400,197.33333333333334,198.0,29712
150,40,400,194.66666666666666,198.0,49242
150,60,400,189.66666666666666,191.0,41022
150,80,400,191.33333333333334,194.0,51587
200,20,400,198.0,198.0,38679
200,40,400,194.0,194.0,45562
200,60,400,194.0,198.0,81017
200,80,400,195.33333333333334,198.0,55472
250,20,400,198.0,198.0,42791
250,40,400,195.33333333333334,196.0,52644
250,60,400,196.66666666666666,198.0,28134
250,80,400,195.66666666666666,198.0,45466
100,20,1000,198.0,198.0,41579
100,40,1000,192.66666666666666,194.0,50849
100,60,1000,190.33333333333334,191.0,60000
100,80,1000,180.0,183.0,116477
150,20,1000,198.0,198.0,74821
150,40,1000,194.66666666666666,198.0,80280
150,60,1000,193.33333333333334,194.0,137353
150,80,1000,189.33333333333334,190.0,138556
200,20,1000,198.0,198.0,48491
200,40,1000,196.66666666666666,198.0,51014
200,60,1000,195.66666666666666,197.0,65555
200,80,1000,194.33333333333334,196.0,76516
250,20,1000,198.0,198.0,47367
250,40,1000,197.66666666666666,198.0,59786
250,60,1000,198.0,198.0,68810
250,80,1000,197.33333333333334,198.0,87229
100,20,2500,198.0,198.0,100061
100,40,2500,195.33333333333334,196.0,138050
100,60,2500,195.66666666666666,197.0,100663
100,80,2500,183.33333333333334,184.0,106736
150,20,2500,198.0,198.0,59575
150,40,2500,196.66666666666666,198.0,85807
150,60,2500,197.0,198.0,101228
150,80,2500,194.0,198.0,123205
200,20,2500,198.0,198.0,61289
200,40,2500,198.0,198.0,76924
200,60,2500,197.33333333333334,198.0,94933
200,80,2500,196.0,197.0,125244
250,20,2500,198.0,198.0,98960
250,40,2500,198.0,198.0,88922
250,60,2500,197.33333333333334,198.0,149747
250,80,2500,196.66666666666666,198.0,137974
100,20,5000,198.0,198.0,136699
100,40,5000,198.0,198.0,139043
100,60,5000,197.0,198.0,176340
100,80,5000,187.66666666666666,194.0,214099
150,20,5000,198.0,198.0,133787
150,40,5000,197.66666666666666,198.0,157472
150,60,5000,198.0,198.0,178625
150,80,5000,194.66666666666666,198.0,212634
200,20,5000,198.0,198.0,133483
200,40,5000,198.0,198.0,153611
200,60,5000,197.33333333333334,198.0,248459
200,80,5000,197.33333333333334,198.0,180825
250,20,5000,198.0,198.0,100421
250,40,5000,198.0,198.0,118414
250,60,5000,198.0,198.0,137556
250,80,5000,196.66666666666666,198.0,158280
100,20,10000,198.0,198.0,162858
100,40,10000,198.0,198.0,200871
100,60,10000,198.0,198.0,242891